10 10 10 10 10 10 10 10 41 41 41 41 41 52 52 52 52 52 52 64 64 64 64 64 64 64 74 74 74 74 74 74 74 81 81 81 81 81 81 85 85 85 86 86 86 86 86 86 86 86 90 90 90 90 90 90 90 90 90 93 93 93 93 93 94 94 94 94 94 94 95 95 95 95 95 95 95 95 94 94 94 94 94 94 94 92 92 92 92 92 92 92 92 88 88 88 88 88 88 88 88 88 88 83 83 83 83 83 83 83 83 82 82 82 73 73 73 73 73 73 73 73 67 67 67 67 67 59 59 59 59 59 46 46 46 46 46 46 10 10 10 10 10 10
16 37 123
30 15 112
13 77 70
7 16 125
27 25 83
34 43 123
6 72 40
9 28 24
18 45 9
26 44 3
30 94 133
21 74 31
25 70 62
10 75 59
7 44 130
27 98 21
23 78 69
8 37 73
7 44 17
15 9 143
34 95 92
33 87 127
31 66 118
1 9 39
32 21 37
23 47 126
27 4 25
16 10 93
34 37 9
15 61 70
17 81 120
1 88 69
23 47 66
23 74 51
19 93 97
24 58 126
31 2 104
7 68 7
16 62 88
10 80 34
6 94 102
31 51 105
29 44 127
22 26 130
18 64 9
8 9 110
4 72 52
24 92 132
19 2 51
26 71 80
21 85 129
14 26 79
29 40 111
10 28 75
21 72 77
16 22 60
17 64 94
7 13 86
4 98 88
15 25 89
26 53 15
13 99 15
25 96 1
23 23 32
34 38 18
18 28 95
5 58 77
8 42 84
24 79 126
18 8 28
28 2 9
32 35 92
9 97 118
32 97 115
14 85 2
28 82 1
15 5 87
19 61 123
33 65 49
31 95 36
15 42 76
25 43 70
12 90 32
24 88 124
17 55 45
10 61 73
21 43 5
21 71 137
16 5 26
13 10 104
12 25 43
24 16 53
32 42 40
22 72 84
12 8 21
6 56 130
2 7 58
16 45 101
29 92 122
22 61 124
15 41 111
18 10 34
8 99 130
26 47 79
27 56 20
28 28 22
27 57 107
10 14 95
10 7 11
24 47 15
35 19 120
19 90 59
13 97 53
21 53 52
7 9 38
35 13 54
17 57 111
26 82 39
15 34 14
29 13 84
1 61 57
8 52 10
5 57 20
30 9 37
33 7 118
21 3 15
15 17 121
2 81 55
24 40 47
34 49 91
7 87 134
28 35 118
29 3 51
16 71 11
11 41 15
20 14 119
2 80 21
13 57 54
7 38 95
35 65 78
13 27 34
30 98 18
12 57 38
6 8 17
10 62 102
30 74 39
2 55 68
7 2 133
4 73 69
16 41 21
27 64 64
23 5 87
12 61 22
16 13 4
4 78 74
13 96 21
27 43 93
22 56 85
31 4 2
1 55 63
27 19 70
12 8 71
29 37 85
25 50 64
29 28 130
33 31 80
16 10 122
30 91 75
31 71 35
32 71 76
22 1 75
7 77 55
35 77 2
2 72 140
14 25 117
16 27 7
23 95 24
29 48 137
4 77 1
17 90 124
5 41 80
19 18 41
29 81 56
12 64 2
35 42 54
30 31 29
31 68 45
7 4 86
13 83 98
8 91 116
31 77 143
2 64 45
12 52 61
15 19 20
28 42 41
19 81 17
7 85 125
25 48 67
7 19 47
31 33 50
2 19 72
23 88 139
14 65 102
28 28 89
21 47 39
28 92 45
27 81 84
26 92 94
13 39 109
2 99 81
9 73 40
12 36 42
4 59 58
20 40 84
18 16 67
11 49 77
13 74 98
27 81 1
18 31 95
35 79 64
8 18 89
13 64 44
15 82 81
33 17 101
1 90 129
9 12 96
13 55 94
2 17 72
22 49 7
15 37 97
9 37 39
21 59 45
26 12 2
1 50 99
24 13 121
24 83 97
14 76 140
14 37 31
14 53 6
19 85 65
10 35 108
34 92 95
23 62 59
28 46 67
5 18 74
8 37 97
14 88 125
8 25 66
31 46 22
29 2 40
22 83 113
21 38 4
3 4 35
28 34 71
11 17 141
23 7 52
7 54 32
35 82 6
14 99 6
22 80 60
31 60 111
8 52 63
31 18 136
10 25 66
32 41 10
5 32 97
16 95 2
32 77 60
31 26 33
17 81 24
35 92 98
33 56 127
17 92 68
19 10 80
27 66 104
32 84 8
20 17 135
35 83 14
1 6 27
34 25 40
24 73 54
35 29 6
33 19 106
4 69 37
20 61 5
1 90 136
35 40 2
19 18 121
28 22 93
22 85 51
14 38 7
24 94 103
21 12 137
14 82 119
21 54 116
35 34 39
23 38 103
29 82 3
22 73 74
28 72 16
16 7 56
15 55 133
17 64 68
12 7 116
24 94 121
6 30 142
21 3 143
34 25 17
8 94 76
35 87 26
28 8 7
15 96 120
29 62 84
14 70 109
19 60 129
11 17 142
2 90 81
15 62 99
35 18 97
15 11 81
19 40 68
33 99 74
34 88 60
2 6 84
3 64 44
24 41 110
1 65 126
23 34 23
17 52 118
26 76 79
19 80 134
22 47 76
17 42 28
14 49 73
17 5 57
9 41 7
21 10 35
8 53 77
19 94 42
28 32 83
26 84 97
18 97 104
20 19 122
33 89 78
18 29 129
31 35 5
25 13 135
16 53 58
26 94 83
27 25 32
18 25 129
30 65 25
34 34 44
32 38 10
35 18 66
33 49 141
19 11 115
19 10 112
4 67 101
16 80 109
5 66 57
26 62 122
19 76 11
16 75 17
24 28 90
14 78 82
10 85 44
1 29 31
16 66 143
16 28 125
11 50 9
33 13 113
22 34 44
27 20 24
16 48 88
31 68 57
14 72 133
9 69 133
5 4 119
23 25 32
35 94 9
9 21 52
17 48 41
26 73 44
11 15 65
30 7 51
19 53 8
6 73 30
32 97 110
30 84 40
28 48 4
14 87 36
17 1 19
22 47 57
18 74 47
3 21 109
28 28 80
6 99 42
2 41 33
32 68 104
25 85 41
9 53 88
3 42 89
34 58 1
33 97 99
19 55 9
21 91 38
27 84 116
8 74 36
26 35 143
23 78 87
21 60 124
1 77 93
26 16 130
7 63 137
18 96 33
1 77 137
23 94 141
15 88 126
35 12 39
20 69 29
25 41 79
31 69 102
10 25 78
33 25 47
29 88 83
24 45 61
4 9 117
33 74 42
21 88 103
7 93 3
13 56 123
35 97 66
9 98 60
17 14 4
2 68 21
7 31 83
24 70 91
14 94 73
29 6 68
19 78 38
9 15 119
5 94 76
15 55 119
3 86 52
13 33 51
34 39 139
8 15 34
9 34 62
2 9 56
21 16 58
16 73 42
10 58 134
10 73 84
22 2 125
14 55 50
8 89 129
34 74 20
2 85 114
13 79 137
22 8 59
35 12 94
26 68 47
22 79 96
34 19 78
4 35 126
13 86 79
12 71 21
1 76 68
5 84 136
6 25 115
9 53 28
12 44 111
29 85 126
24 65 55
28 39 118
10 98 66
23 37 32
4 87 101
10 63 78
17 62 107
12 85 33
24 2 62
4 62 98
31 64 138
13 93 134
23 83 21
5 90 44
32 26 78
21 57 143
25 31 81
21 66 46
22 90 8
2 68 29
34 54 17
3 59 25
13 18 63
16 44 75
31 97 88
7 40 25
3 75 81
6 22 60
1 90 142
22 67 50
30 35 132
11 3 16
1 81 105
13 54 9
29 80 87
9 48 37
25 30 104
6 7 76
34 59 140
4 87 112
9 61 46
28 34 90
33 9 77
9 14 38
6 4 57
35 64 15
8 40 25
11 7 88
6 45 77
17 2 87
27 46 21
32 41 98
10 75 29
14 5 71
31 48 91
7 13 67
2 32 36
12 67 81
4 22 31
1 95 103
10 87 15
27 2 90
5 93 135
17 86 44
6 63 57
27 94 32
9 95 88
27 67 41
10 78 140
20 65 73
6 46 137
3 24 58
21 56 95
21 80 43
24 22 143
35 43 37
27 53 121
22 2 91
29 79 123
22 22 91
24 55 81
11 52 7
16 15 114
8 34 4
4 67 17
30 11 76
11 80 78
20 16 85
27 2 134
3 30 4
8 12 8
29 86 71
9 28 94
2 15 57
5 54 76
5 12 111
6 57 125
19 78 90
30 88 3
5 94 65
29 13 112
30 98 71
4 89 31
5 79 108
23 50 129
4 7 96
8 53 129
28 60 43
11 93 125
24 52 28
35 22 25
10 17 108
13 98 106
32 25 49
29 46 73
32 82 61
6 92 139
4 91 101
1 54 128
14 91 130
35 10 75
35 29 82
25 31 73
34 34 131
5 41 58
4 83 64
10 46 44
3 52 27
9 62 139
22 72 62
26 40 75
23 56 20
16 22 104
32 49 131
9 53 19
31 84 36
6 78 91
24 56 134
27 46 127
18 52 74
30 50 52
8 56 120
3 89 90
19 96 2
20 59 126
33 45 56
6 28 1
27 23 85
29 10 21
28 48 58
8 30 14
7 55 114
11 59 102
24 4 114
29 99 116
33 19 76
13 45 14
17 99 69
16 9 106
4 30 44
19 17 143
3 12 141
4 51 108
9 62 36
2 37 120
4 34 108
35 72 63
12 69 135
21 65 50
29 33 142
27 74 2
12 38 61
28 64 51
31 60 67
12 22 56
20 29 105
26 78 13
29 57 96
12 20 73
23 79 135
10 93 24
35 89 80
5 30 62
11 60 131
30 80 107
7 31 13
17 49 117
4 32 86
27 94 15
9 9 35
1 88 23
34 7 6
4 32 63
5 46 89
15 11 85
5 49 70
6 49 49
13 21 33
28 22 4
15 75 31
24 20 107
17 7 126
3 98 133
19 52 29
30 45 51
13 77 7
33 84 115
5 42 42
9 28 81
19 86 38
2 30 30
33 19 9
2 91 136
5 2 37
3 56 127
3 88 94
3 34 43
28 96 73
16 82 108
16 14 106
24 6 43
34 13 29
7 17 74
22 67 97
18 52 131
32 69 8
13 2 131
24 59 34
26 57 46
6 17 53
24 18 64
22 26 113
18 51 17
11 3 113
18 57 128
11 22 130
16 76 98
7 58 13
27 66 48
10 20 132
21 30 103
14 94 86
32 79 121
14 42 89
16 15 104
8 52 58
30 9 109
7 3 3
33 78 79
27 75 139
7 66 3
5 64 29
26 19 1
19 18 37
18 63 38
26 83 11
15 65 7
35 37 71
20 12 46
23 38 126
21 53 51
21 62 52
10 24 27
24 10 108
1 30 118
25 73 107
21 58 85
22 82 132
24 27 104
9 52 88
35 88 92
3 11 42
7 54 101
27 94 23
19 4 104
12 89 78
10 7 54
30 42 23
22 90 58
28 23 132
24 89 38
15 99 57
25 18 89
5 47 118
16 47 25
20 89 86
29 58 66
17 37 16
8 56 18
5 43 83
33 69 103
29 60 103
17 57 38
24 4 1
32 58 12
14 95 108
3 63 18
33 36 86
15 89 107
2 6 79
5 53 15
2 83 6
4 66 101
30 12 7
16 2 11
14 56 26
21 43 63
25 27 81
35 47 132
8 69 77
34 90 10
27 8 15
11 20 20
7 37 121
18 7 112
1 64 95
6 24 58
33 13 33
7 24 63
12 49 113
18 5 61
17 82 35
27 6 103
21 79 56
2 22 91
4 76 65
30 93 21
21 58 75
26 22 6
17 27 104
7 41 10
23 39 121
21 90 18
35 15 109
6 68 62
9 92 106
16 35 17
29 87 126
33 36 100
31 73 117
9 70 129
29 36 2
10 21 93
22 94 26
2 31 20
13 72 142
34 5 86
32 41 105
13 71 26
2 16 23
6 79 67
17 71 75
18 70 15
5 3 53
25 60 126
4 40 93
14 91 116
27 7 50
31 26 2
25 47 28
6 96 136
18 43 101
2 88 78
3 8 56
5 54 91
13 92 14
19 45 137
26 51 91
19 23 43
32 75 111
31 96 35
6 7 133
16 28 20
20 68 67
26 63 6
5 58 109
6 39 78
1 25 31
1 17 4
14 67 113
25 41 9
15 99 139
26 89 53
5 77 92
13 10 119
28 93 119
16 23 111
19 98 91
12 68 16
34 69 31
29 87 20
5 1 116
10 64 18
31 66 115
24 68 35
20 81 63
10 54 109
21 54 74
12 38 106
25 40 24
1 25 55
33 23 116
6 93 123
15 48 24
4 34 62
18 93 71
21 1 61
4 30 77
2 55 81
6 42 58
2 16 97
18 21 118
31 53 126
3 26 100
17 97 114
35 92 50
10 7 89
31 52 67
20 18 88
26 2 94
17 11 90
5 59 111
34 89 66
32 85 108
7 47 39
1 14 13
29 92 141
28 16 97
26 93 95
8 74 123
2 51 78
7 55 81
25 85 29
33 61 45
34 71 48
2 36 9
33 65 103
22 86 84
8 57 49
30 82 34
3 97 4
10 18 143
16 44 121
22 72 81
17 99 128
32 44 70
34 17 1
12 51 107
16 96 136
35 16 2
32 53 65
2 92 115
17 51 43
8 66 65
35 40 132
23 3 93
3 93 71
24 29 39
26 76 77
15 2 104
7 68 26
14 78 30
9 84 134
11 6 119
6 81 87
12 41 66
10 18 108
10 64 96
23 2 127
17 17 22
29 70 89
17 98 67
33 41 21
33 28 96
7 41 84
16 65 74
11 10 109
18 50 14
33 89 132
8 10 14
19 75 112
35 57 71
13 15 138
6 99 21
9 56 68
10 62 143
16 62 73
19 11 32
4 80 110
18 22 114
21 21 36
4 17 32
29 79 71
26 17 110
6 37 56
26 13 108
7 80 87
13 85 33
30 89 123
5 49 115
8 27 111
14 81 5
13 30 67
30 3 27
13 80 5
5 95 26
11 86 22
21 96 62
17 47 66
34 10 99
1 42 32
9 18 94
35 41 103
21 80 134
16 48 88
13 93 3
32 73 142
17 81 7
19 51 103
26 99 94
33 76 94
21 95 6
8 11 73
8 30 104
33 35 113
20 79 70
22 22 65
24 82 131
3 51 106
8 5 25
8 60 130
16 91 62
4 25 32
28 85 122
31 12 89
11 49 120
10 87 41
19 79 141
10 85 99
35 26 95
3 22 19
20 43 51
30 65 59
20 76 76
15 13 65
6 80 60
14 36 7
9 41 13
22 95 37
23 18 29
26 57 96
32 81 89
14 26 42
27 83 62
1 83 26
1 30 93
21 98 97
35 73 88
34 90 63
4 66 139
11 36 117
19 59 4
22 44 20
11 33 138
33 96 6
18 17 7
33 81 35
15 87 13
7 29 76
4 71 82
26 96 52
26 34 131
5 69 49
7 52 85
27 39 4
32 7 88
22 65 51
17 86 29
33 16 99
11 28 22
22 25 1
35 82 70
4 37 42
22 5 82
30 92 121
4 73 106
11 86 74
6 61 135
11 46 89
32 73 100
5 93 3
5 64 116
28 40 124
12 2 77
14 78 47
34 63 54
14 14 9
35 62 86
21 85 7
6 79 52
25 94 90
13 90 69
32 63 108
26 50 35
25 45 19
35 30 35
35 28 27
4 79 139
25 88 88
29 7 107
16 5 23
35 48 52
27 80 77
17 78 7
7 85 104
1 43 51
17 9 29
1 49 26
8 50 112
21 13 69
13 34 115
16 92 106
9 38 27
23 48 8
14 19 4
20 60 37
4 92 54
15 71 42
27 98 6
15 40 23
23 78 78
28 44 19
16 18 46
27 39 125
35 25 87
9 4 71
9 1 13
27 68 119
16 3 42
8 52 68
11 37 13
30 48 20
24 54 64
6 17 101
16 6 47
13 18 138
31 26 121
16 94 120
19 89 84
11 59 84
31 13 121
1 20 66
3 5 76
9 43 78
5 18 23
3 3 47
26 41 130
33 11 76
22 48 128
9 93 19
31 73 140
17 24 54
1 91 4
33 28 81
1 54 19
25 95 4
15 82 11
25 69 100
6 29 122
10 74 114
25 8 112
18 31 37
14 31 24
34 36 96
19 20 12
35 70 23
32 56 27
9 48 129
26 46 73
17 28 126
4 4 135
12 28 94
15 71 67
21 45 38
2 50 26
33 49 88
10 8 139
18 35 101
25 20 139
19 50 10
5 78 87
25 30 120
9 31 112
8 88 127
7 46 24
9 30 89
30 37 4
30 74 113
23 56 119
20 30 15
13 66 108
2 42 107
33 28 88
1 22 110
5 23 141
3 69 106
12 5 73
5 49 97
3 80 81
12 57 9
33 71 31
10 39 14
7 10 55
26 35 105
7 87 8
5 5 115
26 8 83
21 47 73
2 8 24
18 75 19
9 38 117
19 84 121
17 9 67
9 38 139
19 21 15
20 24 15
26 5 123
1 51 8
2 61 56
12 65 69
29 75 90
25 83 122
31 1 61
6 87 128
4 72 77
22 43 13
7 59 42
13 77 52
33 45 24
8 8 107
12 65 87
28 26 73
21 92 93
26 94 45
25 54 6
1 92 91
31 76 118
5 81 35
22 28 45
6 17 96
17 70 35
26 36 133
3 99 115
20 84 45
6 71 34
23 1 29
18 5 29
33 31 23
34 26 141
1 31 27
1 20 33
33 64 106
35 49 16
2 37 142
3 32 69
35 31 24
29 95 41
18 95 105
13 62 88
17 65 104
1 77 115
9 14 57
20 83 136
21 72 93
24 95 6
19 81 43
17 46 53
25 49 58
1 47 6
5 1 64
7 66 110
10 2 115
27 49 111
27 8 9
8 10 140
23 53 116
32 29 33
31 95 61
24 28 29
6 14 100
7 29 135
21 1 73
22 88 21
10 84 20
31 42 32
3 13 3
22 52 10
6 51 75
25 10 63
14 83 82
33 7 38
24 31 76
25 55 53
3 48 118
28 78 94
15 75 80
30 46 30
17 94 4
25 32 11
19 98 67
24 16 63
16 20 20
3 38 30
18 94 100
23 7 137
32 27 12
35 79 28
24 93 134
30 67 28
33 99 104
17 86 123
6 53 64
29 37 135
10 90 117
12 34 62
15 24 61
30 83 97
2 51 43
12 53 45
7 83 73
25 34 65
20 94 88
18 21 138
25 22 137
12 62 34
15 40 68
19 72 86
34 63 137
9 36 31
22 77 106
6 33 34
2 21 22
30 74 25
9 73 39
22 80 70
10 91 1
32 4 77
30 32 86
6 5 19
8 98 128
30 48 79
22 17 58
12 17 66
3 32 16
14 97 20
17 52 10
7 11 72
16 82 135
6 80 103
11 9 92
14 72 25
21 13 18
11 4 43
23 95 141
16 60 118
13 49 66
29 93 120
4 72 8
21 33 99
26 23 119
9 59 33
13 87 78
22 19 61
28 25 46
35 77 126
7 57 45
26 65 118
12 4 11
31 12 126
34 63 39
28 64 28
22 63 75
6 62 106
16 87 113
16 98 25
7 64 106
14 6 21
30 50 131
21 25 1
16 78 102
15 46 53
10 53 122
21 45 61
35 19 40
4 70 84
15 2 2
18 26 121
34 48 17
29 56 104
26 42 81
22 67 55
31 19 3
28 88 33
3 9 91
34 56 19
13 1 19
20 98 84
14 92 143
29 60 19
4 11 123
14 85 14
3 1 84
22 65 107
28 5 33
13 54 111
9 50 46
24 81 126
27 61 35
27 34 101
31 75 43
24 5 52
24 38 40
31 29 25
27 41 27
3 46 48
35 42 25
30 74 123
4 5 54
8 76 93
24 29 18
26 94 78
26 90 98
2 83 40
30 79 69
10 64 40
4 2 120
25 32 88
23 37 134
1 67 118
31 3 121
23 17 34
10 61 118
30 96 38
24 15 136
31 8 102
33 32 19
9 6 84
11 16 6
26 95 131
29 87 57
35 87 143
16 24 64
20 99 105
35 63 95
17 84 87
35 2 57
17 79 87
17 29 108
15 55 74
29 79 52
11 57 76
16 97 73
26 15 33
34 95 70
14 99 64
6 21 13
3 53 1
11 82 107
2 4 112
8 24 98
21 76 123
16 96 109
6 34 95
35 21 125
21 7 119
31 12 127
29 92 139
10 89 55
19 1 89
21 66 94
11 22 57
25 4 64
19 19 39
26 84 137
21 53 133
30 78 87
34 82 26
21 66 29
15 69 66
17 30 18
1 42 12
21 64 107
6 23 73
34 86 41
14 81 8
13 97 57
16 44 85
33 96 128
16 71 109
18 85 16
1 6 29
10 25 75
25 12 115
26 11 54
26 47 117
32 48 98
9 36 106
28 38 125
2 22 51
6 64 9
24 86 136
12 71 116
35 84 110
3 53 79
31 77 143
35 83 74
23 6 8
13 91 128
6 95 95
27 29 46
32 81 127
21 93 19
35 51 139
16 94 124
23 80 47
26 35 49
31 77 13
25 55 30
10 31 118
1 93 13
20 24 60
21 17 65
1 77 85
31 89 138
34 38 122
21 37 123
16 23 1
6 48 56
20 10 89
18 40 87
19 57 80
32 88 124
4 14 108
24 10 106
29 4 40
29 92 47
28 28 62
29 94 129
14 47 72
9 45 117
25 95 64
34 32 108
23 88 125
7 80 105
25 69 4
28 38 52
16 68 16
9 42 53
22 7 81
16 89 65
19 88 97
30 64 57
16 37 139
25 23 69
4 53 105
7 18 52
1 47 18
35 68 92
6 10 50
6 60 128
32 79 111
33 81 67
12 49 47
6 7 54
21 10 79
11 77 84
16 17 101
16 66 48
4 44 121
11 10 45
7 70 36
15 43 102
16 22 29
16 8 130
22 84 75
13 35 137
29 92 23
14 97 74
21 7 50
33 69 78
19 19 16
11 83 110
10 30 44
26 25 2
29 98 14
35 24 70
14 5 15
26 72 96
30 32 16
34 47 9
28 6 111
1 22 77
29 47 38
29 5 3
6 14 46
29 94 116
11 21 25
20 61 118
33 14 57
3 9 67
26 67 124
14 50 23
9 30 78
21 36 56
5 57 125
9 12 15
25 51 55
19 54 3
7 98 58
4 8 142
26 66 139
35 83 101
22 63 7
13 2 41
8 68 97
15 96 53
1 44 18
30 46 84
19 37 59
34 91 95
31 16 129
31 78 31
11 53 23
26 71 78
13 24 10
23 87 80
27 55 138
12 73 61
25 81 81
14 3 95
31 52 36
26 56 100
25 34 77
19 19 21
4 32 81
12 18 11
7 58 114
27 83 55
18 24 100
18 74 70
25 22 116
11 52 100
14 84 102
19 10 127
16 37 142
35 53 118
30 13 67
5 42 21
2 10 37
17 87 39
3 1 90
8 41 64
13 67 128
23 71 76
15 1 20
2 38 45
14 78 78
18 99 38
19 12 80
8 33 49
2 58 88
28 87 12
21 24 61
2 82 93
17 33 134
28 33 137
18 3 4
12 28 101
11 41 3
20 55 111
17 4 130
14 28 115
26 10 125
28 61 9
11 95 87
4 56 18
7 11 71
20 51 25
2 94 46
22 2 95
16 49 84
32 98 125
23 31 93
16 97 126
25 74 50
19 64 85
1 72 122
25 92 141
26 32 125
20 24 43
17 40 58
26 8 116
33 25 112
3 98 54
22 28 127
1 53 77
15 33 99
35 8 120
6 20 77
28 58 68
17 13 3
21 47 116
27 8 94
4 37 3
11 99 135
23 13 91
2 81 92
18 78 66
30 19 111
13 61 129
23 98 25
18 80 7
34 51 83
16 46 27
5 68 34
2 99 23
15 87 52
3 79 3
31 34 99
31 38 10
29 57 129
14 90 89
10 65 62
16 73 8
22 87 97
11 45 129
4 51 70
2 99 41
32 95 6
4 93 103
10 42 125
8 3 2
24 46 65
18 32 107
33 66 3
2 81 84
14 15 23
3 1 100
18 53 17
12 95 113
10 97 34
30 27 80
19 61 69
23 92 125
6 68 73
21 23 91
29 18 63
30 61 103
15 5 95
23 64 112
21 47 16
20 62 76
27 67 38
33 11 142
32 24 111
15 12 114
33 91 35
15 5 2
2 97 46
23 32 91
9 28 99
25 66 18
33 39 112
33 75 54
10 21 24
34 44 3
32 93 46
30 42 77
20 3 36
33 15 49
35 49 55
33 92 120
2 40 81
34 75 88
28 63 38
28 21 74
19 88 39
14 63 58
32 37 22
31 42 12
31 34 41
4 81 48
21 12 49
27 85 91
21 49 57
32 56 129
33 80 73
8 51 97
24 92 3
16 82 78
24 27 139
29 61 115
10 93 115
16 34 91
30 90 132
25 84 77
24 19 37
10 14 135
7 27 87
21 43 4
28 1 121
17 43 60
7 42 63
8 75 109
8 95 90
9 42 41
2 35 68
8 94 106
35 10 99
5 96 52
31 29 18
14 64 98
33 8 19
24 43 59
12 25 117
9 79 86
18 17 51
33 30 29
20 31 19
9 70 116
18 17 137
16 10 130
25 54 63
8 44 124
2 71 23
11 92 113
5 20 28
26 29 9
25 47 123
26 98 85
15 74 102
21 52 28
32 9 79
17 81 26
1 83 114
35 17 106
35 96 140
13 1 132
10 33 114
19 23 38
27 1 125
2 88 59
19 35 142
26 30 85
18 4 71
3 57 11
29 21 13
21 80 39
2 17 42
7 5 65
21 15 95
7 56 80
1 82 129
5 31 58
9 87 139
14 96 1
32 2 11
22 6 5
27 23 47
11 96 114
34 49 77
22 39 110
4 87 43
28 41 67
11 64 82
10 68 137
20 47 51
1 82 64
8 31 77
12 97 82
35 89 10
28 6 94
26 25 20
5 32 36
28 12 105
35 27 40
11 54 91
34 30 31
5 28 44
1 78 11
7 38 76
26 19 48
19 27 101
8 29 36
35 9 103
27 76 61
15 82 91
8 93 141
34 21 74
4 69 77
22 32 99
18 21 43
3 87 60
34 18 70
9 46 103
16 27 50
15 74 90
11 26 14
24 70 30
5 54 48
12 71 15
15 2 89
15 22 87
17 40 25
1 43 76
28 66 28
12 34 127
15 34 87
10 58 84
5 5 69
20 41 101
19 26 90
3 31 109
10 82 97
20 84 120
31 32 103
33 56 126
34 32 102
25 65 34
1 42 95
18 84 15
30 84 74
7 26 126
23 30 128
31 27 8
29 93 32
8 91 47
18 2 88
2 19 32
32 79 25
30 23 105
14 50 116
26 33 34
29 31 23
13 88 101
3 42 135
31 85 43
9 90 82
24 34 86
14 57 139
14 17 105
15 91 133
15 50 86
26 6 42
3 71 40
10 11 109
35 98 58
32 14 78
18 28 11
10 90 108
26 14 60
28 24 1
34 7 140
23 30 114
10 55 42
27 1 101
35 4 95
32 76 51
33 62 133
32 78 45
14 22 69
35 96 108
5 6 98
14 51 55
4 22 119
7 79 143
13 35 138
33 12 76
23 35 89
28 51 49
25 39 66
23 75 132
22 6 10
33 73 127
23 23 61
34 40 99
1 57 1
16 54 43
33 36 138
10 58 49
32 37 72
14 49 106
18 52 124
19 77 96
7 38 42
27 73 20
34 21 129
17 55 82
30 65 135
9 51 46
10 52 50
6 28 108
13 47 93
28 72 96
10 7 85
31 99 99
35 14 132
33 61 139
16 7 24
7 19 72
31 78 84
17 49 10
1 17 110
2 32 62
15 18 136
31 31 86
4 68 72
27 85 73
34 22 75
14 87 23
11 53 69
23 42 91
27 88 88
8 37 9
23 8 95
6 81 124
