306
19
1593
1936
1258
1160
1288
1154
915
634
548
409
1826
1737
1628
1237
643
315
305
959
489
1232
1178
635
355
254
368
990
819
1134
512
173
1981
1949
1488
190
1011
542
236
1923
1774
1594
1536
1496
1197
1162
1081
1033
723
602
1424
502
1838
446
201
1962
1950
1610
1507
1381
1871
1671
900
1450
417
590
1306
1119
1037
956
1337
484
1849
1804
1649
1559
1457
1311
1307
840
544
459
416
414
292
177
87
1988
1484
1417
1246
686
469
262
1972
1919
1781
1331
1296
1264
1061
653
641
346
276
1648
1411
987
611
562
452
330
1942
1458
1225
845
377
376
301
147
1980
1821
928
782
753
713
504
1361
1045
700
698
607
597
1805
1654
1557
1130
709
1627
942
675
1824
1656
454
