62
75
178
217
403
620
726
767
920
1054
1319
1362
1440
1510
1839
1935
1960
74
158
172
183
232
266
286
617
644
815
832
923
1369
1567
1715
1741
9
297
430
572
721
724
989
1064
1269
1375
1577
1591
1652
1684
1687
1701
1718
1749
1772
153
251
390
434
557
563
672
852
914
1035
1048
1098
1136
1139
1170
1281
1528
1650
1783
86
284
345
975
978
1841
238
257
258
281
665
775
802
848
995
1038
1102
1218
1248
1252
1421
1712
37
175
228
290
310
335
555
679
730
777
991
1020
1039
1072
1087
1596
1695
275
386
492
564
699
1097
1188
1201
1341
1468
1490
1707
1908
8
28
44
70
370
380
405
507
685
854
909
1070
1183
1257
1483
1573
1657
1811
1997
121
264
