34








1123


1123



























1063


998



998

542
1063
241

241











126













998

















241





























235
235



559








559









545
467
880
1011









898
1011
1011



1011









1011





940












940




940
1011
1011



1011
964
218
497




















1168
227
187
1168













868












637







931


















583









1139










649
831



831
151








151
583
482
665










496
875
875

875



















875




















480
1056
639
1060

927













416

























480




















72
480







9











480


25
480
119




1089


1089




















765
9






9



9














9

















198
198






















193





193






366
366





193









515





















1179












166


644
166




366















515
718
471




































471
1010
1010






















1145
























661
693






323
693




693

693
























693




















394
1153
400
1075


















256
1074
1074
504





















576






















1076
742
















576





















212
837
629
576











909




1016



1016
1016























































