7709 246 527 934 1238 1844 2445
1027 5216 7590 8413 9317 1721
660 2556 7868 12260 13004 19222 1389
3308 8163 12954 13852 14270 18075 1789
3874 4921 9340 10551 14435
4083 13904 19618 980 2407
1374 2585 4225 6883 8816 17749 19170 616
2261 2736 6323 8693 10899 11646 13032 13302 14230 17620 18585 19596 60 3192
10777 12893 14267 17118 17975 1000 1716 3443 3705 4177 4501 6734 10137
217 5857 15622 15828 17495 160 1810 4472 6397 7908 10156
7664 11318 12202 13929 15142 15623 10 801 1327 1958
2397 3241 4626 6029 9343 16746 17239 513 2373 2574 3072 3545
3231 5200 8616 9385 12286 12436 17320 917 1757 2732 3558 4380
2069 4250 8272 11430 15311 15641 16444 1495 4244 7313 7848 9416 9926 10489
7517 9783 15160 17849 1216 1752 2874 4211 5310 6433 7887 8228
7344 10152 11583 12242 18837 19323 199 1475 3568 7227 7518 8273 9411
1449 9146 12108 18213 58 995 3778 4686 5116
177 4488 5196 7538 12844 17086 19340 19653 1312 5584 6431
558 5904 6875 11648 12144 18433 1197 2177 3488 4909 5865 9551
339 5781 7200 7971 9808 14658 18866 19333 905 2155 3275 5291 7660 9554 10442 14076 15362 15388 15456 16080
2243 5757 9726 17076 153 935 1440 4325 4729 5847 7826 8380 10214 10734 12536 13894 16159 16566 19737
1297 4700 9923 15196 18056 1606 3612 5191 7113 7661 12440 14876 15999 16806 17334 1346 3063 3745 5877
6823 17227 1827 4354 8021 9368 11457 12555 15592 16479 18238 569 2639 3814 3851 4337
3343 8034 12426 15658 18248 3697 3908 6334 7383 8100 10210 11001 13163 14511 15274 18453 1035 2076 3963 4679 6450
3840 10083 2375 5187 6719 7298 8634 8973 10398 12467 12679 14056 16790 17576 17683 18161 18406 19414 431
4172 13923 1413 2153 3524 5556 6924 8523 9132 10708 13546 13858 14182 16609 17904 2696 4548 7796 8611 9924
4640 10234 15154 1512 5523 9074 11604 13254 14855 15928 16763 18661 950
15545 1176 1483 2417 4189 8478 10159 11331 11512 12181 14745 15131 16677 17663 18390 19441 4500
10629 18474 3774 10408 10727 12105 13106 16921 19631 901 1856 3256 4379 5481 5991 7485 8224 9618 10943
3136 12252 19068 1125 3546 5817 7965 10523 12940 13957 14500 15973 16253 17257 17878 19443 394 1696 8340
6089 14026 16117 105 4135 4625 5755 8053 10249 11300 14365 14639 15921 17368 18845 104
10542 14418 16046 2360 4054 5013 6792 7064 8137 8495 11886 12373 13462 16047 18106 130 1424 1595 2401 5570 7529
5429 10900 12734 16990 1070 1652 5616 7222 9713 10526 11841 13960 16569 596 1668 2650 3769
7151 10499 12749 1874 3799 4761 5448 7963 11187 11424 14264 18650 19775 543 1890 8284 11042 11833 15969 17647
1594 520 3812 11832 16970 18179 18972 1522 2171 3628 4013 5771 7502 7950 9844 10682 11533
557 1889 3797 6153 8540 10823 12622 14345 14932 16724 17225 18784 19451 1100 9560
14374 16810 19005 2573 5803 10811 11807 15000 15940 16976 18887 613 2440 2990 5025 6726 7562 9996 12048 12344 13016 14455 15266
4788 785 3950 6882 11598 12819 15151 15918 16578 17105 17525 19763 697 2557 3973 5203 8178 9291 10874
6519 12149 19290 786 4378 8368 11713 13305 13707 15138 16321 17010 17819 18581 19675
9357 13444 15557 593 1310 4207 5314 6912 7645 8050 8071 9598 10739 11203 12057 13271 13982 15702 17093 19409 256
6266 7701 11071 15521 410 803 1354 3513 6503 6864 7991 12470 15275 16471 17800 18772
1477 6733 15511 17941 19780 2176 3673 5190 5992 6309 8626 9434 10597 13458 13543 15942 17625 19812 152 1743 2536 4113 5491 6305 12738
2608 8199 9652 13541 17283 19828 2459 4312 7365 7903 13630 14845 16379 17255 17733 172 3408 4892 5594 6263 8303
7459 13711 18378 3870 6215 8210 8345 9768 12209 15391 18680 18853 327 2646 6316 6925 7930
8243 16375 19087 3336 7084 8252 8400 11214 12111 14728 16822 17732 17844 395 3204 3848 5547 6631 6951 7071 8017 11289
12290 18235 3225 6197 6955 9197 10744 14686 15080 17642 18393 19800 4928 5647 6406 7739 11363 12495 13825 17158 2652 3212 4318 7666
703 10199 14793 4876 6264 9158 13658 18843 4105 4736 5278 8165 9055 10698
5167 12052 2701 5174 8613 9881 10832 14961 2205 3441 4206 5076 5514 8321 9116 9983 10472 12632 12772 15341 18226 1683
7711 4053 5264 8599 10208 12704 18043 6370 6696 7566 11140 12103 12336 13026 13593 14199
6829 11266 12989 13731 14874 18115 18954 57 974 1133 1232 1471 2475 2698 3890 4065 4919 7196 8454 9314 14443 14979 16639 17155 19204 1057
14205 151 1180 1766 2760 4645 7270 11812 16555 18450 1228 2750 3244 5169 6698 8683 9871 11689 14841 15221
1366 3909 17028 2007 4382 8094 9981 14974 16478 19179 1004 3273 4623 7102 7417 10539 12106 12953 13169 14368 16364 16840 17348
3163 15295 19636 4503 7278 11281 13157 15399 17169 156 2073 3112 4948 5127 6577 6872 8584 9767 10007 11613
6019 12326 1531 3146 5581 7663 9888 11856 14503 15936 16362 17999 18827 19393 1005 1674 3410 3945 5139 9287 10014 12683 13599 16657
63 9346 12358 16067 311 2327 4343 9380 13108 14310 16963 17191 18071 19041 19857 2107 2518 5208 7302 7467 11309 12368
11122 16419 17203 2479 5422 9953 12665 13687 14118 14866 15832 16449 18714 2021 2647 3122 4999 5290 6025 7427 11008 12315 14870 16775 17388 17742
11805 13797 15201 16652 2461 3919 5489 9402 12861 17119 18682 496 3159 4313 5501 7371 8507 8921 9977 10127 11452
3036 3525 6507 8612 10097 11101 12093 15390 16966 18531 19719 1395 3417 6389 7477 9157 9758 11643 12914 14851
7620 14147 17148 1144 4746 8333 11000 14220 15526 16211 16580 16903 19349 176 705 1350 4253 5287 6608 9813 10751
16723 1039 4556 8704 10697 11449 11601 13743 15077 17143 17421 19843 4797 6604 7119 7655 8331 11181 12626 12859 13280 15111 16083 16367 17295 18516
11582 2803 6629 7793 12412 12987 15909 16638 19378 19696 1190 2987 5416 8545 9676 11120 11307 11624 12990 13442 14853 15863
5098 8444 14482 157 4175 8705 11148 11882 13847 15955 18916 887 2178 4026 9216 11950 14122 18102 18208 18656 3748 4118 5193 6306 7317 8280
6462 11506 3109 10315 14684 18649 3967 5498 7947 14801 15065 16437 19953 1582 3108 4222 4323 5390 6685
2627 6583 14982 19108 1599 4317 6635 7680 8070 8939 9494 10752 11851 14015 14653 16277 16681 17724 19402
4608 15253 3987 7232 8930 10681 13585 16051 16904 19544 224 750 8219 8800 10457 11248 12395 14244 14551 14867 15351 15682 17129 17573 19482 1708
1544 8045 11789 16295 1730 9664 11270 14313 14881 16769 19302 2777 3617 4885 5423 9094 12545 12575 12878 16612
3283 4927 10810 12858 15773 17221 18796 19144 1384 4434 6303 7128 9228 11905 14375 18058 814 4583 5467 5856 9261 9412 9877
219 14020 409 5638 7853 12578 18991 5331 7737 9811 11354 12240 12553 13980 14830 16358 18131 443 1172 2785 3879 5651
6335 5502 11269 12517 14718 17325 640 3216 6753 7161 9874 9938 12067 13666 15962 16536 17046 17997
12723 4988 9640 11352 13928 16844 17354 18184 19549 325 1128 2309 4241 5175 6499 7110 8640 9280 10859
6847 17098 860 3037 6472 8494 9427 11703 11916 12938 14563 14763 15168 16772 18038 18350 19410 1290 1849 5120 7500 8762 10379 15094
8688 11898 17254 18962 1816 7126 10002 12232 15185 16823 17713 18353 19312 4209 5051 6254 7548 8003 13118 15126 16228 17982
400 18805 4838 7291 9561 15796 16801 16948 19488 1069 1761 3173 3817 6582 7683 8803 10565 13805 15013 16161 16881 19276
5506 14224 16855 599 1867 6012 7759 11106 15349 17360 19552 2289 3940 5690 6711 9642 10792 11687 15052 17075
1682 7050 14673 19361 3052 6655 10787 12053 15247 17615 540 2685 3178 4365 6075 6487 9414
11385 1222 3237 6349 7635 9939 11180 11969 12839 14322 14547 16041 18186 19850 563 836 2043 2952 3657 5941 6783 6931 8609 10112 11225
11283 609 2412 4195 6797 9683 12116 13700 17107 18346 601 2554 3085 3440 4291
1637 10589 17096 19723 2722 4223 4837 8543 8775 9486 9971 11195 14649 18529 19867 2938 4519 5134 6408 7052 8352 9098 10684 12877
6576 8828 18137 2337 4660 6787 9012 10809 13507 15377 18224 19695 581 1617 3123 6020 7732 9143 10217 12035 12929 13020 14580 15088 19040
7166 11972 17263 3001 6549 9993 12561 13528 15533 16261 18659 223 1722 2020 2561 4637
14952 278 2497 6203 7695 8147 10481 11820 14908 15288 17392 17979 18670 18967 19581 766 2120 2613 6725 7748 8266 9779 10939 11711
3952 7724 14920 18895 2324 7058 9069 11368 12161 12708 13863 16025 16660 19440 1002
4409 12520 1897 3676 4852 5749 8804 10240 10721 11947 13850 14514 15441 17223 18087 18913 771 1400 1765 6188 8534 9040 9282 12376 13460 14433 149
539 4371 13241 413 1438 7642 9084 12890 15019 19164 19353 1278 3556
1369 8546 14164 2426 4018 5559 6534 6982 7563 9358 12799 13249 17261 18774 18979 19059 19465 1221 2196 3455 5401 5812 7249 9124 9389
3932 6494 11072 19460 1859 3462 6930 9201 12152 12427 13487 14404 14807 15027 16971 19221 19835 2252 3880 5531
8785 12235 13583 17793 1965 4507 5954 8162 9117 9478 11224 12531 13353 16382 17067 17925 19172 2027 4215 4470 5124 7867 9465 12986 17278 18270 1780
3552 9176 17300 522 4336 6464 11371 17726 1635 3086 8002 8765 10658 13233 13990 15150 16311 18503 798 941
19741 6290 10511 13399 15181 764 1104 1641 3693 4286 4517 6911 10930 11210 12602 12869 13998 14828 16111 16608
17666 1368 4151 4840 11080 12864 14303 16118 17816 18812 523 1959 2511 3853 4297 6780 9223 13161 13778 14723 17588 18269 19448 109 2404 3044 5136 8187
11739 15859 1662 3388 4301 11650 14396 17618 19679 2944 5689 7755 10456 11444 16548
7224 929 7203 10994 16130 18072 19794 909 1273 2605 3794 5050 6524 7320 8572 13133 13361 17120 17492 611 2455 3289 4699 6893
16603 134 2582 4945 6530 8733 16072 18206 3267 5678 7349 8274 9193 9634 10376 10911 12897
5170 13194 2341 7316 8718 10236 11429 13911 15496 16097 16227 18605 19531 828 4338 4870 6086 7688 9256 10588 11095 14977 15103 16037
4661 13127 16890 333 4693 6869 9335 13737 15951 16742 18541 19342 1090 2422 2694 3666 5807 7033
4194 8979 16842 173 2560 4413 10261 11705 12862 13286 14421 16800 18653 19360 19852 1592 3143 5967 7657 8938 9430 12993
1437 13421 2972 6506 9323 11186 12450 15685 17847 18840 19045 18 925 3024 3301 5691 5846 5905 9497
10531 14101 2041 5451 5892 7389 10365 12472 13477 16141 17609 18274 18710 866 1693 2249 2891 3191 4701 5774
18166 1893 2994 5046 8426 9219 11135 12639 12754 13674 15790 17466 19553 277 4193 5734
4392 12767 19735 5421 7088 9940 10458 11589 12121 15081 16568 17859 19411 19918 3038 5298 6143 7444 8235 10142
6111 10114 2478 5653 8072 10343 10609 11815 13827 14453 16126 1292 1362 2062 2799 3965 5073 9336 10164
7010 15522 1347 2734 4983 9887 10436 11710 13888 18870 19236 494 1618 3064 4979 5551
5240 10502 16423 423 1904 5486 6183 7395 9006 10367 13238 13992 15880 17177 18960 19770 1146 1758 5111
4841 13334 1579 5371 8953 10759 12159 14330 14575 14836 15922 17055 18826 19661 1351 5228 8283 10508
7915 18198 1019 6459 12120 13120 14352 15329 16748 18645 19233 1518 3253 3335 3899 4808 5008 5335 7901 8179 9502 10844 18201
10000 13544 16291 2338 3517 4904 7656 8893 11480 17469 19352 1627 2522 3351 4646
3264 5218 17587 2098 3470 6036 7465 8123 8406 9710 11665 12086 13143 15245 1364 2945 4951
13866 1896 3718 5341 6988 8833 8995 9645 10781 11557 13040 14180 14821 15435 17628 51
5874 9750 14638 701 3447 4828 6110 7303 8848 10099 11752 13919 14413 15598 17018 17865 18576 18994 636 1639 1873 6031
2766 5184 18119 273 1710 3985 5733 7125 8159 9274 10585 11618 12534 15657 1031
11035 13295 647 1551 2288 4347 5283 6279 6892 7561 7973 8456 12586 13314 15056 16714 18398
1882 7918 14215 16838 19621 33 1934 3929 4243 7057 8536 11675 13105 14031 18385
2 3363 17754 19268 183 568 992 1577 1773 4322 4670 10521 12330 13200 13640 15063 15539 17721 18841 742 3296
1751 4396 11055 13610 2265 4755 4826 6638 8092 8489 11696 13419 14154 15368 18262 19279
7132 19739 584 2114 5635 5958 6461 6967 7987 10951 12132 12648 12949 13719 14564 15376 15987 16545 17698 18664 314
5777 12275 13289 16345 18054 1141 2319 3896 7111 7708 14132 15468 18712 830 1536
5232 1248 2616 3404 7027 7794 8798 9614 10135 12214 13052 14818 16096 17251 18331 372 1726 2833
4923 9822 13046 18311 1008 2953 3383 5939 7775 9019 9858 11299 12301 15767 16349 16994 17479 18150 18877
6776 12076 16174 17164 18194 19428 1007 2270 3766 4276 4624 6219 6833 7992 8620 11819 14616
2149 4169 15891 18400 717 1568 2467 7475 8496 10272 12221 14309 16398 16996
3969 936 2925 5893 6973 7745 8111 9468 11811 12820 13147 13315 14166 16525 16841 19049
293 4780 7390 12013 13219 1117 3576 4479 5244 9129 10338 13095 13293 13955 15902 17217 18999 721 8989
1429 9325 13221 18028 1542 4933 9181 11292 12248
6793 17027 19347 2060 3505 4863 6351 9457 10732 11284 11762 16557
10791 12294 17208 17779 882 1818 5901 7820 9678 10785 12424 13558 13975 15614 16870 19838
7215 10037 12918 15585 772 1112 1815 2283 3171 7604 8900 9863 10403 10686
8134 10030 10829 18868 368 1131 1689 2506 4681 5680 6358 7530 9746 12328 15532 16497 17818
587 5449 6821 11364 16026 19099 429 2084 3040 3526 4991 7114
1326 5579 6154 12284 16481 989 1648 4384 5573 6890 10202 12491 13787 16144 16665 17614 18496
19550 1442 4080 5318 7357 7952 9514 11436 12322 14533 17585
4703 13679 14895 17612 18915 618 4759 6480 8297 8375 9294 13903
528 6179 11155 17645 19370 2984 4015 5049 7368 10059 14930 15570 19431 2531 3831 5898 10920
4099 1593 5397 7038 11922 12727 13113 14940 16410 16943
3755 18427 19407 19722 745 1458 1937 2621 3663 6722 8837
1991 5052 10937 12092 16685 19503 1998 3002 3279 3902 4796 5994
3079 6483 13281 16387 19861 322 1656 3966 4308 5605 6492 9032 11788
1286
1396 2259 3788 8552 11153 17604
82 2167 5250 6274 8211 11555
984 6712 7194 9076 18330 181
1363 2588 3522 4554 5311 7245
8606 9702 13013 272 1490 2247
2719 3013 4648 6665 11594 12406 667
2819 4073 4494 5953
2821 12961 13650 17617 18359 462
3785 8806 13615 14496
2296 6048 6694 15003 15963 17869
740 2227 3811 5524 7646
144 707 4843 5902 6757
1288 6520 8629 16179 18124 458 1322 2690 4565 4901 5964 7881
2000 15304 15748 16752 852 1880 2026 3437 3891 5768 8383
7758 8410 13838 1550 3324 5058 5468 6863 10984
5123 11942 16357 2074 4184 4525 7269
9602 10647 11428 13345 14754 17654 100 2035 3188 4546 6084
1456 7219 8807 12998 14744 15163 15855 158 988 3580 4469 5832 7098
2498 5338 7658 9172 11775 1478 2052 2813 4060 5337 6359 7075 7564 10492
17499 1276 1945 5945 7272 7559 8299 9123 10430 12473 13951 15398 17056 17790
3623 7445 9025 14217 464 4035
95 1921 2674 5795 8126 10252 12329 15141 1666 2835 5016 6919
5854 13691 15223 17714 19119 736 2776 3586 4162 5043 6261 6442 8142 8513 8914 16977
8712 14426 16071 17374 498 1605 2823 5021 5888 8381 8958 10341 13961 15189 17633
3498 9665 3531 4997 6545 6899 7256 8030 13463 14811 15617 16258 17128 18278 18885
6118 8354 15195 16648 186 1289 2111 3424 4292 5708 7008 7526 9286 13299 16727 1205
336 1491 2512 2983 4792 5813 10148 13902 15481 16907 17994
1610 14646 17678 19478 19879 1943 3031 5180 6903 8624 9943 10833 13278 14678
6820 18096 1315 3299 5192 8571 9488 13764 14691 14890 15129 16591 18006 18708 881 3144 5495
16353 18134 2948 3783 6810 7159 8384 9297 10043 10226 17593
18077 19519 2802 6559 7808 10080 12985 14849 15206 15734 16143 16259 17121 18144 19530 19814 1614
6473 9722 14044 17328 1877 2470 3962 4575 7325 9532 12030 13717 14399
1421 6934 11230 14363 16303 18613 1266 2131 5784 7911 9266 10484 11706 12930 14012 17972 18405 28 1348 2920
8319 11391 13427 18015 428 3678 4192 4861 7145 8617 9479 11640 13702 14416 15929 16703 17838 19024 19303 1041
12176 15726 19274 1795 1911 2963 5456 5843 7398 7799 8610 9905 11167 13034 13511 14158 14751
6958 10748 14617 16326 18817 735 2295 4311 6963 7639 8168 9237 10843 12832 13522 14060
3823 12065 13720 18829 19901 19999 1135 1894 3206 3731 5620 6522 7101 7649 8825 9778
1357 6324 10749 12718 14832 15652 18221 420 1713 1764 2844 6887 8028 9361 10603 15118 15779 625 2015 4725
2042 7406 1620 5227 6440 7506 7570 8945 9332 11102 11779 13834 14637 15334 15494 15846 16951 411 1309 4676
12562 1507 6211 7544 8522 9577 10723 12548 13274 14439 17291 18830 19426 345 2048 3835 5042
8372 12770 19132 1109 4966 5841 7181 8020 10476 10887 11278 12635 13736 13859 18258 18606
5999 18464 19043 264 1265 3075 3709 5440 6850 7091 7809 10548 10758 12363 13005 15996 17232 18408
3855 6949 8254 12307 13931 17777 1523 1733 2246 3259 3432 4785 6392 6661 7900 13119 14039 14412 16526 17970 18440 421 2012
885 3393 6173 13376 18271 897 1976 3116 4171 4441 5375 5536 5773 6650 9115 9211 11178 12975 13276 14084 16692 19033
5387 6238 19871 1528 1650 3916 4455 7259 8597 8838 9393 10356 12685 13782 14886 15285 17144 17875 578 1143 2253 7520
5866 9747 13513 17528 896 3180 11327 11453 12313 12759 13550 15033 15416 15596 16171 16619
11339 12369 15424 16378 18598 1850 4745 5133 6962 8277 8615 9899 11164 12300 13166 13952 15402 17004 18560 920 3371
7229 9315 11782 13645 15581 4021 4635 5181 7340 8764 10143 10649 11607 11921 13773 16962 17864 18357 842 1799 3347 5005
2464 5161 10451 1703 3596 9955 10397 10917 11389 12325 13328 13846 15058 15913 16371 17124 18156 19338
13422 15713 16616 2860 7043 9637 11297 12390 13924 16546 18888 1740 3924 6438 8871 8980 10071 11777 12605
604 9233 11679 14749 1463 6396 8968 10292 12497 13905 14523 18451 1150 1797 3852 4875 6198 6855 9104 11380
8190 12070 14133 19965 1892 5150 7018 11631 13037 14509 17198 18592 18982 259 1865 3087 5125 6185 8876
17756 2104 5376 6560 9463 10025 10483 11226 12671 14023 14447 15091 15914 19706 537 1161 2152 3501 5881 10055 10879 12686 12926
4698 9021 10428 14165 47 1245 4480 10856 12715 13428 15372 15491 17082 19271 231
12019 15721 180 1845 1992 3148 5033 6466 7977 8502 11373 13657 18886 567 2105 2798 3872 4940
633 2044 11566 2488 4911 5430 6146 8720 9851 9991 13320 14202 14556 16813 18110 18966 19154 4537 5567 10776
1702 5418 13741 16365 1987 7006 11595 13607 15364 17287 19243 19466 115 2127 4695 6250 8696 10440 11836 13098 14100
16940 19305 1423 5306 9753 11986 14921 18371 355 1875 3624 3994 4170 5040 6131 8642 10254 10847
4376 15579 445 3989 4186 6471 10579 12348 13721 14522 16439 17260 18292 18867 360 777 2570 4024 8035 8485 10459 12551 13057 13586 15215 16391
5926 16781 18507 733 2816 8310 11357 13136 15457 16212 18471 18778 19713 1044 2081
1900 4362 6488 7248 8057 9873 11049 11507 12713 13123 14006 14419 15453 16731 18088 19877 1938 2594 4424 7381 9017 9689 11265
4359 6637 8937 13008 19492 2186 5078 9077 11724 15850 16251 16549 18565 1403 3826 4385 5222 5968
923 15165 244 3849 5596 7087 11367 12184 13185 14226 14664 15262 17553 19182 19272 19906 1432 3725 8656 10212
3511 6289 14688 18638 1443 8682 9231 14043 14757 16847 18180 1181 2708 3357 3681 4037 5349 7541
6782 15016 488 2720 3726 6332 8913 11009 11409 14654 15005 16185 17025 19935 519 1214 2516 3830 4057 6372 7321
8387 11229 14862 16791 406 2418 3997 6581 8391 9583 13313 14138 14910 15785 17905 19091 19711 689 3053
5521 9376 13602 15389 18737 243 2610 3312 5057 6945 7521 8567 9409 9621 10279 11366 14366 15656 15886 16956 18362 19058 3644 4821 7140 7619
3200 6193 9606 4158 7254 8532 9371 10175 10555 12933 14618 17598 19515 538 4004 4936 5711 6356 6701 8151
9316 13603 2692 5282 6371 9136 9264 11051 12811 15523 16157 16866 18611 19126 1623 4350 5296 5575 7238 7618 9724 10326 13934 15031 17766
4675 7095 18721 3487 5439 7438 10267 13999 18341 18626 19642 4051 5940 6130 7334 10395 11154 13647
4713 9529 16583 19505 4591 7106 11026 13055 15838 19523 739 1819 2449 2801 8177 9334 9765 11139 12060 14608
13018 1480 2466 9240 10554 14607 15672 16871 19874 858 1194 1451 2914 6454 6803 7285 8628 10072 11053 14527
2254 15647 1123 2742 6509 8519 10355 13426 16170 17556 17976 1308 2784 4520 7060 8985 9433 10065 10306 13515 15234
1416 7053 17434 848 3865 8544 9998 11279 14916 15393 16623 16666 193 289 1554 2389 2762 4002 5805 6540 8007
1860 16300 457 2551 4305 6775 10136 11769 12471 13876 14512 15866 16268 16728 18439 1474 3096 3991 4719 5144 6914 7030
3573 8270 14121 1503 4609 6000 7415 7765 8026 9707 9962 11433 13816 16924 18702 19341 19973 363 2505 3613 5121 5742 5947
4807 7625 18943 358 3560 5682 5820 6878 8330 8923 10266 11708 13410 18280
7191 12853 18965 883 1198 2876 3484 3876 4760 6164 7754 9369 11365 13262 14091 15534 16644 17998 19470 573 1011 2320 3471 7174 8282 9810 10907
2933 6342 13560 16563 19369 746 3342 7572 10591 12085 12421 13800 13935 14869 15161 15696 15862 17815 19559
12087 14991 317 1340 2317 3521 4475 7051 8245 10819 10921 13131 13269 17938 19190 11 635 1540 2918 6762 7048 8120 8936 10329 11765 12668
5515 8662 12637 16678 3 854 6565 7218 9945 12026 12840 16191 17589 19224 19753 525 1171 3224 3431 4340 4473 5151 5740 6468
2287 8583 12503 730 3333 4419 5729 6383 7717 11259 12357 14716 15691 16867 17704 19416 1454 2197 3282 5473 7954 9632 9804 10257 10840 11437 11523 14083 15610 529
4938 7175 11760 19645 2345 7801 9769 10839 11446 14128 19949 3339 3892 5565 6799 9283 10699 14184
1915 8484 11100 19905 3850 6283 10592 12392 15636 16438 17423 18296 18963 19533 495 1680 3051 3395 5612 6039 8348
12004 19105 1391 3084 5801 9605 10193 10590 10996 11671 11748 12298 13788 14263 15508 17171 18044 19054 19216 634 2348 2794 3185 5494
10293 18424 19593 2618 3405 5798 8865 10617 12338 15469 17542 41 888 2530 3631 4832 5146 5369 6683 8253 10964
10794 15709 861 3557 5089 6469 9511 11571 13943 15169 17244 18655 19922 955 1898 2220 4102 4878 6210 6740 7609 9794
7169 12036 18804 1830 4084 5713 6950 10335 10997 12154 14203 15006 17765 1240 1425 2379 2970 6921 10194 11048 11816 16719
254 1565 6794 10446 12638 13252 14652 19090 247 902 4070 5838 6437 7261 7652 11052 11577
1294 9958 13110 18897 465 5259 6754 10262 12789 13606 13942 14540 17737 17836 904 1083
6034 15396 388 2279 3903 5245 6928 9190 10704 10998 11397 14802 15342 16540 17496 19777 767 1979 2223 2915 4787 6307 8083 9043 11543
6418 10577 531 2014 4581 8048 10599 11928 12385 13227 15687 18070 260 2503 4393 7482 7937 8706 9326 10610 14554 15395 15554
2845 12167 85 2858 7703 8772 13390 15504 16101 17570 19902 165 1632 2795 5071 5998 6269 7186 8001 8553 11116
2187 15327 16128 38 1658 5606 6555 8435 11742 16027 16418 18118 1020 2031 2294 2473 4183 4505 6693
7616 16484 1908 2349 4281 7164 7850 10371 11377 13401 14306 15312 16912 18381 19151 704 4483 5447 5490
3042 18469 1783 5461 7277 11783 13729 14878 17474 18762 1219 3115 4485 6056 9249 9593 10183 12078
11894 533 4033 8528 9622 12956 13231 14022 14573 16305 17860 19802 426 1718 3048 4990 5235 7273 7902 8638 12547 13964 15258 15939
5362 15499 19677 1210 3699 5519 8183 12870 15272 16399 17501 18009 19325 387 1667
7335 17163 19066 1417 2935 6325 6959 8206 8482 8709 12034 12935 13024 13664 15301 16397 18333 19668 1939 3157 3656 6027 6373
1871 6891 8323 16787 3572 6107 6312 7374 11401 12790 14302 16368 16926 17062 18669 114
2604 9636 86 2967 3134 4003 4598 5879 8811 9353 9424 9774 10480 11118 12353 14518 15957 17942
1066 5672 9594 12493 16809 64 867 1738 2774 3390 5162 7239 8821 9715 11159 12788 14332 15509 16010 16624
754 4903 10594 15616 17674 2112 3662 5138 5759 8842 10936 14665 15235 16269 17224 19086 1533 4850
5633 14897 19866 4896 6828 9166 10578 12452 13308 14708 15916 17331 19381 68 1218 1800 6176 7613 8099 8335 9906 10094 11961 13148 17932 18287
9388 15462 331 3045 8047 8898 11096 15102 19611 390 1337 5339 7946 8176 9167
8287 12751 19996 2579 8009 9654 10524 11556 11984 13644 14094 15860 16630 3445 5959 6941 11216 12483 12703 15290 16572
11874 16451 4947 8439 12649 15777 1742 4427 4803 8300 9582 10056 10598 12237 13454 15697 16232 16674 18129 19423
2553 7228 9895 11119 13523 16282 18761 1426 3508 5872 8008 8737 11361 13189 13946 14228 17187 18879 255
17741 3186 6033 9134 13572 14408 225 1209 1681 2508 2675 5242 5723 6491 8395 10947 14372 15242 16937 19590 19682
626 14170 684 2119 3190 5938 9846 14722 17279 175 2304 3375 3990 4735 4993 6554 7814
11013 3107 4597 5496 7972 10505 11809 14647 15864 16260 18281 18782 19064 298 2641 8678 10509 11359 14611 15001 15485
1298 14342 16153 18388 7292 11123 14731 15605 16491 17206 19382 1393 4593 5110 5818 7736 8949
762 4742 7495 8986 10323 10656 12000 13765 15775 16922 18899 137 1971 2712 6788 9506 10513 13826
10648 107 2183 8560 10622 11776 14733 15572 17571 18981 1763 3943 4218 6706 8212
4119 11611 14983 17892 2894 4748 8227 9422 10319 11980 13237 13732 13874 15048 16701 17142 17438 544 2637 2988
870 8108 9482 13766 2085 4353 5389 5520 5703 6187 9321 10191 10789 12012 12825 13355 14734 15321
5067 5683 14628 18575 19765 3454 4106 5036 5406 6374 7462 8646 10006 11182 12742 14781 16108 16832 18142 548
4851 10627 13755 19571 3113 3970 5645 7336 8022 9540 10110 10620 12264 13837 16543 18260 18777 800 7168
3012 11749 16065 1407 3295 6138 7379 8734 9327 10543 11498 12480 12654 13239 14324 15037 17794 18920 2463
6227 8895 10772 12527 13660 17313 1291 3475 3923 6744 7449 9646 10604 10938 12352
7762 10919 13326 14296 15226 425 1555 2711 6070 7251 10222 14241 16835 18855 19663 487 1160 1487 4275 5113 6496 9841
15781 572 1821 6280 8182 8596 10058 11734 12591 14033 15335 15425 15840 18524 19174 19374 19904
8322 15360 19181 80 1349 2023 3730 5346 6687 9349 11817 13184 13836 14245 17390 1263
969 2645 5561 13808 17258 19760 1334 2443 4078 5727 6898 7917 10546 13663 14114 16019 18005 5833
2050 7190 15814 323 2342 7706 8365 9184 10303 12524 13832 14295 15474 16338 19893 1136 2036 4806
8972 13940 797 2150 5887 9152 9662 11011 11709 12899 13531 14283 16740 17240 18933 2174 5201
8654 12124 3796 5963 6474 7304 9127 11615 11726 12702 13182
3387 11704 13104 14085 15270 19405 110 396 619 1553 1601 3354 4127 5140 8587 8897 10151 11422 12435
133 8819 14297 17656 238 4653 6239 6791 7198 8622 9391 10650 12874 15537 18337 108 1847 6978 9406 9989 16885 122 1940 2005 2251
6859 8879 12267 577 8351 13542 1497 2096 2866 4069 4669 7359 8853 10529
1980 3867 6023 9038 11147 12389 13067 13901 15919 16944 17812 204 960 1604 2828 3873 4476 5746 6913 9239 13002
12868 17213 449 1956 4045 5956 11479 15212 17276 19028 19387 101 4977 5972
5126 17611 19825 5752 6768 7516 10102 11622 13432 16978 19080 389 804 2765 2853 5118 6686 7888 9815
12944 17897 770 2807 5928 8841 11305 12416
3569 15848 19896 286 3550 4585 5516 6514
10282 12097 12613 16779 2424 3165 5738 6228 8347 9453 9682 11855 12791
9342 12814 17262 18642 354 827 1459 1545 1919 3535 8429
622 1530 3015 8792 8954 9947 17449 18066 19187 19860 483 1803 3807
812 5530 10404 12029 13476 14976 18283 19069 19799 1591 3820 4370 5445 6001 7484 7777 8542
3385 6896 13226 16243 18973 565 1082 2471 2887 3261 5002 7493 8304 13111
8059 12762 16796 678 3898 5931 6424 6870 8601 10407 11918
13072 213 547 2649 3193 4075 5225 5408 5592 6801 8318 9546 11286 11722 12824
5254 8746 13259 16477 18648 19839 1038 1813 3523
1705 5403 7976 10475 12813 14115 16669 17519 18797 4394 5411 6302 9251 10487
5982 9761 13986 14144 1698 4150 6738 8904 9751 9950 13612
6205 8926 12414 14760 15306 17715 146 3359 3979 6377 9383 9795 10719
15517 17207 3008 3482 5860 8604 9473 11758 12494 14837 18969
3604 8657 481 2241 3481 4166 6477 6933 9360
2758 5659 17393 18929 570 1088 2601
1796 5158 17113 19955 2398
111 3529 8690 10256 14214 16121
891 3736 4274 4416 5726
2539 3810 6564 8038 11169
556 2850 8453 10358 10771
55 1885 2663 8579 10946 15200
463 2678 5312 6761 16415 17906 328 2606 4432 4954
3196 5026 8430 10742 12327 15433 3429
4236 4726 5214 8185 9925 11694 13748 14883 2211
6100 10671 14141 15837 16706 17444 1001 3837
9075 14705 16043 1717 4023 4477 5960 6117 6695
6057 7416 8451 14588 15121 435 1184
3942 6937 7408 7476 11801 12311 13963 15493 16469 18733 961
126 2926 4715 8291 13137 14467 17729 899 2380 3652 4633 5937 7012 8593 9754
6781 10286 11563 15404 16762 19841 275 1973 2756 3659 4709 5268 6363
3585 5047 7472 8160 10245 13171 14162 16522 18731 99 1468 3515
7855 16325 16954 19703 348 2347 3696 4744 8618 9613 10103 10255 10702 11310
1687 9030 11247 13324 16407 414 1746 4935 6858
7363 8525 10645 11191 13839 15043 16863 145 1269 3450 4142 7324 8791 12492
8790 15624 18291 18694 234 1204 1386 3438 6536 6935 8197 10119 10842 12404
1262 4020 7735 10628 12590 13199 14771 15947 17445 18578 1420
2495 14117 44 2232 2832 3394 3502 4034 5347 6861 7446 8298 10738 10978 11632 13774 14261 17248 18678 666
3179 10972 3720 4341 4805 5852 6952 7184 7375 9020 10231 11481 13096 14293
4511 7341 11875 14452 19699 398 1794 3150 4086 6330 6894 7648 8607 10026
3197 6597 9308 13588 14915 15727 18320 2607 4619 5355 6854 10584 11517 11838 13510 14714 17091 19327 3201
4727 11699 14107 18704 473 1839 3332 4059 4849 6572 8093 10926
441 4373 13023 15236 17616 380 1645 2159 3208 3761 5640 6446 8437 11575 13292 14062 15599 17259 18639
869 2818 7015 12367 14377 2210 4854 5045 5629 7713 10530 11454 11966
7580 13092 16317 612 1760 1907 4484 5088 7612 7978 10015 10913 11308 12932 13210 13965 14738 18488 19322
1862 7962 11562 13891 18265 1272 2032 3884 4750 7498 8085 9106 9347 11850 13229 13793 17965
1770 7980 9270 18354 672 907 3836 4754 5256 5809 5997 6917 7788 8239 11796 13021 13984 14720 16352
167 5195 5917 7188 17549 18036 290 1119 2302 4442 5383 6134 6969 7431 8256
6301 9667 10087 18086 1785 2880 6378 7840 10305 10818 12409 14259 15204 15629 17580 18214 19022 19212 480 1989 2307 4566
8810 18607 19858 2103 3262 5569 10322 10661 11323 13628 14774 16103 16607 17560 19744 198 3602
8625 10780 13995 18759 2800 5156 7574 7627 7854 8465 11014 12434 13165 14268 14904
5942 15431 19445 19757 826 1153 1706 4960 7024 8952 10280 11584 14448 16193 17386 17600 18936 1975 3090 6362
1380 12282 18559 2545 4895 6717 9620 10230 11033 14016 14889 16018 17548 19632
8344 11032 14079 19158 19375 1189 3162 3638 4390 6064 6807 7370 8650 11692 12902 13908 14193 16394 19015 1121 4152 6080 7442
4830 7367 13447 15675 1108 4855 7857 9870 13132 13776 18162 18409 19244 1753 2979 4741 6587 8771
2787 196 3759 8424 9259 9612 10868 10995 14415 16149 19776 364 2393 3328 5048 6206 7404
132 3124 5055 8961 9869 10517 12130 14359 14777 16641 18319 84 1995 2666 5038
9965 2072 5322 5986 7274 7558 8555 9651 10454 11131 11848 16846 17605 19314 242 2683 4329 7233 7967
7460 10715 18665 2537 6054 7611 8392 9590 11455 14055 14246 17397 18050 18703 19528 686
14099 19403 2115 2638 3232 5294 8363 10477 12576 13071 15166 16515 16848 19500 681 2357 5840 6414 7710 8015
3978 12624 2277 5883 7795 10547 12006 12355 12882 14466 15879 16880 17652 18556 19153 1806 4085
4050 9060 12164 815 5976 7348 14786 16587 18924 386 2415 3166 4097 7614 9469 11088 11764
13453 18692 2344 3588 9212 11168 12522 12815 13181 13622 14364 16690 18370 227 1229 1455 2671 3376 3889 5890 8180 9717
13000 13677 17802 952 1969 3833 6045 10113 12050 13253 14838 15743 16756 17002 19646 2413 2611 3868 5344 5827
10929 16475 2438 4216 5914 8373 9868 10722 12018 12810 13973 14724 15637 19768 895 4536 7752 9168 9823 10081
2202 5697 11818 13379 335 6467 9510 10186 10967 11166 11419 11795 12502 14586 18720
10756 11406 15213 18809 2376 3789 4334 5913 6618 7831 9796 11702 13926 14291 15294 16983 17493 19046 49 1385 5533 7093 12560
1316 3893 13549 14951 19690 3458 7815 13012 16175 18931 2088 5178 6234 8922 11205 12658 17199
139 5796 9205 15170 16755 19927 1343 4588 5576 8776 10393 10979 11970 14437 16789 18061 18402 19591 91 1182 3682 4259
15564 794 5086 9095 11531 16750 18282 19740 2420 4582 5853 6060 9781 10390 13090 14284 17500 18472 579 2499 3712 6551
7694 3912 5946 10269 13803 18399 1748 4100 8726 9694 10713 11470 14068 15055 17102 18136 19605 228 1596 2429 3017 4804 5542
968 3492 9299 11431 14172 17701 19792 1734 3392 6735 9714 10977 11925 14711 16205 18723 245 1387 1644 2580 4048 4074 5485 7584
18187 2523 7876 11612 14770 19100 1543 2651 4260 5830 7879 9272 10375 12694 14271 16982 18884
1271 4071 7515 10168 14208 18878 392 1517 2063 3555 4284 7410 8342 9660 10200 13564 15439 16302 17153
1870 3792 7728 9918 14110 17072 17748 18690 985 1607 3444 4595 5106 5452 5980 6379 7208 7751 9062 10528
1571 4386 5246 6369 7662 9973 11222 14489 15965 16695 17658 18861 1167 1966 3469 5288
5054 6765 10940 17281 2509 7279 8364 9013 9226 10961 12519 13693 14864 15958 16856 18057 18522 371
8987 10765 12909 15770 200 2481 3280 5949 6550 7998 10581 12475 12942 13970 14353 15573 16028 18128 18589
15789 18237 3074 4730 5427 7402 9913 10793 14256 16643 16852 17464 17665 18833 17 1092 1613 3029 6767 7784 8247 8774 9213 12764
1665 5020 11333 19539 1488 5006 7833 8874 10377 10515 13667 16729 18558 1233 3172 3533 3862 6258
7358 9937 2209 3645 7040 9130 9337 11115 11502 12778 16048 16776 17065 19383 623 2082 2976 4414 5929 6777 7622 8951 10049 10654 13300
250 595 2229 5670 7202 9563 12245 14287 19496 174 755 1006 3396 5884 6425 9418
87 805 4793 7065 8731 12197 13922 16316 17204 18021 18436 1137 2755 5919 6426 7626 8445 8882 9521 9890 10710 11998
8065 17122 18245 2244 6109 8113 9339 10139 11485 12572 14240 15615 15737 17996 19343 639 1453 3129 4062 6076 8171
5492 11238 15689 18856 763 3242 6288 8388 14231 15571 17068 17347 19551 5273 8692 9929 10205 10731 11468 14960
11326 16488 18243 7244 10161 11015 12088 15069 15900 16275 17190 18163 19259 1321 2403 4081 5293 8416 10181 11674 12449 12514
15369 18379 2239 4680 8651 12285 14238 15684 203 1616 3003 4499 5614 6448 7035 8586 9627 10966 11663 12758
11626 14559 732 3802 6224 7681 10540 12037 12917 16254 18175 789 2515 2883 3338 3953 5730 8121 9309 11057 12518 13455
2529 11627 15515 2856 3843 5971 9328 12818 14995 15346 17426 19898 460 2789 4731 6835 8327 9230 10146 12526 12607 14041 15643 17753
2502 4022 11127 15259 2077 5822 8548 11737 13867 15812 18568 53 2110 4138 9232 11031 13155 13742 16615 17730 19124 536 2989 6035
8042 432 9148 12123 15394 18195 1466 5848 7780 9630 10746 12143 14535 16203 17914 18865 1709 2540 2927
19177 6880 9659 14265 17450 1049 2577 5119 7997 8827 9944 10764 11344 13865 15051 16257 17835 19997
11059 18437 3319 8488 10359 13590 15933 17877 447 4395 5229 6573 7940 11941 12745 14613 15869 16573 18539 19150 841 1838 2430 3935 4052 5299 6124 6563 7068 9976
5842 17185 1073 5977 9472 13457 15978 18608 1148 3218 4573 6398 8443 11189 11672 12331 14409 15397 16366 17958
4452 12513 18297 2248 6013 10869 12225 15175 17579 18155 18570 970 4227 4466 7565 8295 10638 11525 12991 14833 16290 18048
11628 15820 18250 3643 5444 8831 12437 16164 16802 17954 18881 19123 2274 3153 4277 7747 8029 9669 12688 14187 15438 16693 18874
7769 13538 18894 2930 5199 8633 13307 16099 18595 19282 1448 2595 4603 4971 5961 6600 9284 10274 12310 13078
4128 11358 19477 2831 5896 6853 12137 13509 14591 15430 18715 19811 377 712 1798 2949 3315 3838 5580
4776 9459 191 1111 3110 4147 6979 7289 7969 11190 12763 13747 17769 362 1042 1208 4212 7127 8294 11208 12455 13484 13871 720
3510 7045 9089 1064 6277 10834 13102 15766 17552 19938 3221 4042 5143 6580 7144 9725 10688
1344 3019 5114 6871 10211 11714 12386 12594 13391 14175 15322 15893 16513 17913 118 1303 2154 2571 4160 5358 7029 8795 12636 13045 16308
14912 1853 2839 6083 11781 14473 17168 18811 19966 382 802 4375 5987 7827 9310 11087 12931 13734
5097 12780 17851 344 3034 6625 9607 13547 18063 18473 18859 19311 615 2057 5348 6157 7328 8514 8944 9728 11109 11315 14290
5231 18312 1526 6040 7771 9183 11260 14922 16899 17929 893 2781 4187 4959 5329 8019 8969 12783 13337 14578 16095 17070 19176 606
30 10747 510 3711 5237 8818 13122 14824 18717 1235 2441 3456 4862 5326 6756 9633 10482 12896 14218 15567 16725 17775 18732 19412 1126
1574 7450 13944 19292 2905 5012 6865 10992 14236 17311 19392 1129 1331 1486 3083 7749 8824 9260 9927
15584 476 1422 3268 8839 9978 10334 11369 13471 15251 18750 19128 3023 3974 4893 5869 7554 9686
2792 11069 19111 3621 5059 8675 12585 15961 16468 17167 18347 19001 19351 1657 3416 3740 6651 7469 8143 8509 8600 9860
6221 15187 1080 3452 6691 8431 9085 10778 12003 13340 14506 14796 15772 18550 1469 1583 3073 4205 8799 14189
5906 13619 15483 94 2827 7557 11412 13551 14660 16804 18218 18425 2212 2597 4868 5873 6812
9741 14356 18185 3494 6062 8512 9803 11228 13168 14892 15422 17655 18795 92 1983 2356 3477 4778 5758 6314 7369 8259 8635 11061 11682
9492 17882 150 2442 5615 6739 8561 11520 12073 12934 14262 15498 16433 18299 18803 2182 3420 4156 5212 6192 10761
12207 15180 1520 3634 5666 10806 11912 12750 13895 16342 19140 19660 1162 5132 7162 7353 7990 8208 9817 10042 10316 11349 11684
16542 530 5707 7380 8780 10085 11635 12972 15568 17494 19021 258 1926 2775 3506 4399 4561 6209 6798
4140 17831 291 2864 4487 6278 8517 9447 14277 14632 16932 18781 19535 2231 3540 4017 4344 8605
5839 9011 17361 3839 4768 10467 11402 12126 13759 14726 14877 751 4267 5624 7919 9185 10259
11959 13795 287 4752 8167 12074 12269 12706 13041 13844 14769 15794 16135 17622 19 592 4799 6622 8666 10001 10544 15674 18490 18990 6908
12910 16056 1323 8271 10066 16068 514 3660 5508 8695 10525 12603 13862 16721 19714 1640 3246 7672
9505 4289 9764 13051 17305 1776 8962 10750 12970 14191 15516 16215 17643 18415 19317 19881 316 2267 3207 4630
14789 4657 11530 15305 16383 19281 6 2843 4986 7136 7895 8250 10400 10673 11006 11447 12797 14622 19048 235 4783
8993 15912 3920 7702 9801 10815 11656 16385 1457 2689 5443 8941 10848 11395 13097 17797 96 2175 6938 9882 11160 12350
5265 13467 1729 8043 10854 16234 1085 9107 11754 13713 16176 17032 19183 1037 2591 3303 4306 6539
5361 5750 13291 16589 427 2862 5554 6897 8928 9760 12160 15273 16233 17591 18329 19634
1107 6668 9491 13062 16782 18545 19442 2514 3532 5077 5308 6556 6790 9572 9967 11834 13310 13683 14327
11593 17899 2129 3700 5420 7182 11438 13409 15107 18741 19367 1590 2599 3080 3587 6404
5087 1950 3081 4557 5717 7081 7727 7844 8407 8500 9574 11602 12951 14035 15079 17299 1341 1782 4029
3635 6430 7792 8474 13830 1735 2642 4439 6104 7195 8493 9548 11417 13804 15662 16055 17711
3901 18935 1406 3854 5032 6132 7822 10291 11973 14388 15527 16447 17569 18064 19588 1548 3117 6257 7327 10726
15750 17695 1452 5018 10029 12082 13070 16198 17987 375 670 2181 3213 3834 5525 7608 7787 8719
17220 662 2999 4407 7697 9199 10933 13555 14027 14344 16286 18183 18800 19517 853 1152 3739 5075 7311 8834
9816 13819 486 3467 6348 8619 8786 10287 11840 13589 14446
4518 8668 11662 14405 16059 16689 18130 19109 379 1447 2619 6317 8129 9001 12185 12505 12782 15440 17150 17956
7009 326 1556 2501 3302 4491 4834 7437 11012 11554 13469 15113 16112 17318 18754 641 811 2083
2303 11325 14627 222 1841 5676 6594 8487 9763 10897 11753 13514 16876
5728 9581 11670 13600 17873 19573 722 1134 1521 2740 5732 8193 9825 10624 12661 19192 37 2093 3043 3507 4482 5357 6313 7020 10133 11016 13356
1175 3167 9708 11881 2993 3809 5761 7178 11537 15703 18647 19976 5674
42 16642 2122 7805 9857 10031 12673 14501 15238 15501 15953 17050 19180 19834 518 1954 2664 5324 6478 8027 9322
10024 12842 15318 16208 1868 4107 6867 9839 12049 12356 13927 14003 14472 17094 19789 1587 3126 5379
5587 11477 14343 1812 5538 7225 7886 8131 8889 9426 10820 11287 13033 14206 15281 16395 39 1313 3636 3930
13128 16012 553 3710 4464 6411 7221 8325 8547 8970 9359 10659 12259 13525 15411 16675 18177 19430
1621 8305 8673 12403 19238 283 765 1115 3464 4287 6178 7499 9049 11786
62 3578 7268 13498 17013 991 2078 2297 3765 4678 6842 7439 7989 8541 10409 11335 11467
1367 2576 6200 7690 15099 19680 116 2433 5534 6825 9296 10074 10928 13792 15022 18339
7214 16332 412 1250 2121 2166 3138 4295 7684 8752 10800 12796 15628 15856 16299 17773 1807
233 1307 7085 13889 793 2414 2779 4458 6053 6769 7591 8736 10098 12109 13739 14274 15034 17081
2453 5655 8892 13402 14545 18744 19456 2047 3885 5372 6218 7582 9527 12190 12417 14484 16053
2897 12378 14538 1829 4178 4631 4944 5568 6032 7436 7468 7731 8312 9912
218 6623 8920 11375 12296 18654 182 1754 1771 2584 3944 7512
1768 7494 9330 14648 3362 6008 8713 9596 12687 14347 15824 15970 18815 19829 821 3641
3595 9526 15878 3346 4448 5885 6341 9464 11038 12549 13094 15423 16509 17436 17727 18980
5263 17017 187 2242 3434 5558 6391 6998 8080 8173 8257 9461 10903 11296 15045 19067
8148 16687 503 918 1409 5794 8981 11194 12543 13562 15194
3542 9966 13354 17883 990 1642 2141 3780 4149
3327 5415 8894 11041 14469 140 474
1842 3609 5215 6585 14242 16088 18643 166 532
1145 3030 4576 6620 16133 19876 249 2332 5241 5327 8025
13 3784 7862 10801 11778 12391 13006 18423 19055
809 3309 9187 13728 15480 16322 18366 18903 856 2190 5564 7063 8353 9405
8716 10838 12332 13186 13414 588 2130 2325 4493
6538 7129 7628 13978 15877 16240 19307 1603 3931 4858 6675 7905 8399
8681 9920 12577 67 1585
2543 6728 9102 9377 11293 14492
11514 11852 12879 15651 18386 430 1633
2013 5469 12755 14186 2335
2165 4975 10155 18961 749 1202
5092 6907 7785 9048 9519 2738
4881 11387 12075 15823 18147 18998 401
962 6575 11521 12906 16708 1170 4231
5213 6385 6708 15352 135
4515 7838 14350 16201 1728
332 6649 16074 16632 17759 19401
2881 7632 9826 12107 13263 13882
699 4974 6245 16343 1712 2144 2737 3448
2713 3485 3744 6284 10299 16030 959 1779 3428 9537 10770 13213 13413 14967 17152 19674 559 675
2146 10246 13351 491 2282 3018 4245 4697 5609 6804 9319 9697
648 11872 17868 19487 1843 2672 6267 8623 9564 10189 10826 12774 13365 17202
4569 9066 10411 12849 19747 1296 2869 4098 6202 10500 13809 14819 15561
1127 2932 10241 16073 18502 19847 2928 4252 7173 7842 8403 9026 11089 11794 13208 16393
7750 13398 19205 1560 1866 3067 4570 8004 8316 10201 12125 13656 15164 17540
512 3066 8452 19237 783 1372 4601 7376 7725 8346 10300 10965 13433 14594 15792
3603 8858 16405 16909 17357 18644 77 478 840 3176 5630 6158 6846 7142 10388 12645 14805 15558
6611 8191 13575 16050 2544 2978 4047 4512 5303 6457 6929 7508 11295 12692 14519 15807 405 947 4667
4213 5829 562 3423 6052 10485 11719 16598 17646 19280 52 1876 2191 2861 6114 9496
10695 17440 19991 2040 3554 9671 10360 12695 13468 13654 16221 16618 19209 979 1034 1140 2583
9896 14441 997 1225 3238 5431 8154 10474 13272 14902 17923 1756 2624 2951 5223 5434 7953 12595 14130 15407 16042
2761 11873 16276 2033 4779 7037 14086 16017 19283 19600 493 927 2682 4280 4956 6475 7669 9674 10491
2836 16162 484 1302 4638 7122 10349 12963 16738 18367 1957 3543 6067 6677 7722 11461
11037 18284 2163 6444 8934 11021 13394 13789 14148 15057 16939 19603 1053 1151
4632 10831 14629 17372 1147 2372 5354 5507 7301 7921 8964 10121 11291 12122 13753 14946 16350
3688 10416 14950 1355 3092 4823 9974 13464 16544 17830 19846 610 1206 4440 4496 4968 6593 7100 10493 12089
2291 9047 15224 18873 922 4447 5082 8808 12283 13596 14621 15230 16786 17303 18572 19681 2099 2875 4526 6627 10060
15989 3538 6755 9254 11653 14425 16411 17888 18621 416 1270 2655 4163 7935 10298 12478 13251
5233 10743 1139 3151 9431 12786 14178 15381 16314 18132 2892 5923 7898 9525 10116 11420 11629 13380 14325 16887 19116 1982
12174 17057 4916 8820 10182 12580 14369 1891 6944 7388 8153 11500 12775 17112
4122 7891 11806 15808 18978 19614 999 1936 2179 4596 8337 9911 11847 13317 14192 14516 15489 15818 18906 288 3022
19956 2009 7740 11740 13611 14537 18491 2676 3551 4627 5091 5642 5920 8265 9793 10918
8744 4436 5617 7767 9935 12119 12891 13845 15747 19540 1325 1833 3782 5257 6653 7832 10173 11932 15257 16597 17884 2456 3415 7150
10380 13099 1653 4366 7109 11891 15729 444 6441 7761 8947 14614 15199 16507 16949 17145 18189 19628
2958 9762 17563 7458 13810 15451 17136 18614 1392 2331 7069 7542 10223 13207 14348 14814 16579 18099 18753 19107
2705 17275 1984 7210 12724 14767 17133 18910 366 551 4534 6633 9097 10088 11716 14196 17210 61
3430 13350 18695 417 5778 9610 12388 19239 1691 3341 5566 7551 8655 10134 12169 13043 14659 18360 19366
862 19518 4674 8361 11495 13568 18919 321 845 1502 2451 2700 5897 7147 7553 8641 9042 11064 12525 13878 14190 15538 16087 868 2367
6166 1382 2520 6004 8418 10237 12884 15047 17041 2521 3606 4315 5644 6544 6839
1929 2612 5234 6731 7055 8058 9258 10011 12189 13675 13815 16016 17038 18788 741 2240 5539 6845 7654 8422 11658 12204
2226 6059 12653 1116 6646 8169 11951 15510 17141 17567 18114 19214 5744 6399 10278 12587 13195 13485 14090 18276
3683 16266 17707 5598 10176 12655 13840 19362 353 1301 3714 5572 6021 6470 7019 7527 7877 9455 11580 15025 15853 16929
15134 1093 3857 6142 7433 8940 14072 16463 18316 2214 2910 3882 4814 5017 7330 11254 12306 14040 14985 397
5868 7825 15419 986 3361 4917 10691 13255 16029 1846 4762 5632 6322 8779 10022 11039
4008 11432 760 4918 7907 10550 13115 15580 16359 17099 19038 1371 1492 1909 3499 5206 6015 9712 11736 13490 16102 17369 59
4283 9535 13478 16759 19727 1547 3528 6318 13075 16633 542 653 4497 5183 6690 7906 9071 11620 13174 13761 14582 15745 17524
2315 5261 8558 12691 14442 16346 18016 994 2392 2552 2592 4643 5716 8829 10352 10830 14037 15267 16146 18013 18846 8
17689 1879 2587 4650 9162 12066 15964 18302 726 2135 3433 4164 7237 8636 9821 13266 14717 15476
1105 3982 8557 11822 14986 15217 18092 18600 19715 461 833 1622 3373 4874 5935 7802 9257 9364 11723 11988 15387 16021 16527 17344
4891 716 2235 5679 8872 10720 13058 16169 16793 18336 1506 2873 4425 4751 6529 8590 10285 10533 14668
900 16709 3536 4955 10068 11952 17031 19452 419 2878 3035 3751 6038 6760 11379 15717
7540 14773 19686 2922 4242 9348 13503 14840 15465 16347 19231 646 2564 5649 7923 11117 12080
664 6331 11497 13283 14260 15829 16512 17326 17845 18914 350 910 953 3871 4587 5634 5763 7733 8884
12234 15447 18255 685 1311 4611 7255 8927 10336 11721 12222 15283 18926 103 2667 3194 5103 6493 7579 9876 11772
8389 13449 3154 5611 8911 10808 11957 12461 14167 15071 15611 17226 18309 19246 294 2003 2805 4159 6077
14709 16916 18890 1557 2969 5044 5472 9487 10651 11821 13311 14139 15463 16499 17607 18799 19595 784 1888 4825
6946 13941 2275 4431 6720 7985 8714 13331 14465 15172 15834 16556 17458 18749 342 1077 4989 5737 6243 8263 11473 13481
6095 81 3937 6030 9559 13949 14972 17574 19196 19718 19797 19851 554 3297 4859 5783 6484 7602 10841 12139 12457 14171
19756 4204 6190 8214 12393 15490 15873 16197 16875 17933 18666 19252 2340 3770 4813 6298 7631
4962 15690 16606 19371 3828 6977 10670 12244 13696 15361 16780 17673 268 2477 3906 4800 10198 12781 16514
11908 14269 17193 349 4104 12009 15256 17407 19173 19950 4 485 3161 3741 6512 7209 8740 11084 11617 12731
19952 3071 6123 8475 11590 12568 14163 15287 16969 18076 19396 1863 4406 4705 9397 9684 10942 11625 12618
7074 14860 18053 1255 4567 9608 11317 12873 13533 14667 17290 19319 257 657 3661 4774 5325 7471 10867 11243
11924 13637 18277 276 3721 7252 10988 11763 13953 16011 17089 18564 19425 655 1631 3968 5255 5610 6751 6813 10479
14328 17536 35 3913 5474 6786 8725 11929 17505 17866 18519 19010 1515 2709 3251 4535 6162 6815 8175 10705 11603 12309 16363
4734 14073 17872 1283 3011 6016 7399 11472 13754 16377 18305 18307 19511 963 2364 4079 4529 5553 7201 7960 10347 10632 11982 13480 15280
3442 14560 19762 2783 5271 7578 10461 13393 15403 16139 18412 79 1744 2301 2899 4173 4976 5279 7295 9415 9969 11374
8036 305 2388 4717 5643 9782 11790 13003 15757 17083 17406 19345 1831 3500 5330 5432 6666 8409 10009 13116
3386 12952 16297 18743 2534 5402 7034 10504 15842 16902 18105 19285 381 996 2233 3366 4001 4551 5529 5899 7212 8990 12438
18623 843 3358 4094 5586 7811 12540 13722 14610 16105 17641 18159 324 1688 2961 4201 7537 8164 8396 9404 10468
6137 15559 340 3749 7729 8529 11360 11568 12016 12846 12928 13506 15655 15977 17935
8281 11550 15915 19627 889 1970 3330 3926 4592 5537 7135 7351 7659 8234 10185 10549 11676 11999 13890
8732 10767 14173 17681 913 2450 7743 8856 9217 12287 12445 13993 14893 17229 17518 19118 202 2147 2493 3305 4541 7103 11192 13244 14354 15583
9016 12405 17408 19895 2474 4270 7447 13818 16374 16564 17963 19085 631 1700 2070 3306 4377 6679 7610 9180 9994
16389 822 2851 5188 8157 10140 10835 13669 16803 17470 17837 18391 19039 19293 19643 3832 5790 6613 7443 8539 9108 9985 10313 11073
1715 7362 10421 19508 5388 7039 8857 10125 11202 12537 13217 14429 18374 2125 3209 3562 5152 6255 7466 9202
2321 4982 7165 10207 11892 12588 12805 12988 15887 18907 385 1239 2898 3610 5410 5695 6390 9273 9809 11654
10864 263 2507 3958 6145 9749 13916 15298 15602 16811 17131 19275 2310 3894 6079 7810 9799 11047 11443 12982 14390 16531 19648
5671 10130 15378 16917 1552 4356 9675 11273 14129 18342 18821 453 1675 3398 6943 8750 8999 11690 13639 14116 16529 17358
2909 16032 2281 8672 11094 13801 16974 19163 280 967 1356 2061 2757 3287 5815 6217 7964 9054 10559 11237 14379
1241 15752 19258 1335 2269 4360 7757 10046 11800 12408 14445 15482 17007 18392 19389 19795 19929 586
1999 11107 13088 1268 2395 3493 5368 6230 8201 9705 10410 14478 18793 898 1724 3228 3541 4607 5364
5769 19356 1792 4590 6159 8248 9732 10668 11667 12538 13833 14444 15050 16355 17161 17595 19215
9410 11290 13306 18791 5275 5591 7753 10283 11246 11934 13176 13831 13979 14641 15815 17085 19047 1114 4040 5307 6155 7949 8822 10149
3704 14896 1636 6092 7961 11677 12696 13937 15373 16120 17482 19354 2172 3401 3959 9281 10814 11549 13851
15293 824 3805 9800 13180 14526 14993 17821 2185 3480 4282 7999 8382 9867 11623 12175 13892 14391 15179 19227 1405 3152 4712 5407
9063 13712 3205 6409 9670 12138 14281 18065 2148 5014 7061 11522 13661 14257 15686 16869
8275 206 6922 12582 14948 17000 731 4137 5684 6644 9372 10084 11221 12558 14567 15701 17568 18171 535 2381 3217 4811 5425 7545 9122
1415 6204 9892 12162 15002 18101 1481 4314 6605 8498 10216 10669 12980 14847 16637 18590 637 1460 1899 3156 4835
4471 10799 2973 8078 10328 13638 17309 1113 3142 3803 9110 12489 13202 14219 17367 555 2160 3622 5466 5705 6885 13212
5350 11824 3675 12430 13848 437 2753 5694 7097 13617 14655 16209 17530 19152 19692 232 671 964 2491 4049 4708
16204 4763 10796 14938 18603 19769 813 4028 6553 6990 9531 11185 14250 14713 15214 15497 16036 18500
1525 19587 2180 6662 11111 14370 15296 17631 19615 602 1177 3672 4710 5129 6422 7552 8203 8258 9248 11066 12147
644 7519 19273 645 4429 5990 7837 8314 12110 12592 14615 15233 17789 148 1586 3698 4461 5870 6481 7866 9277 9880
1157 4016 5927 8708 11010 11835 14494 16238 17680 18176 19764 2848 6420 8796 9362 10631 11255 14565 16501 18095
2681 11518 18168 112 8589 10537 13416 17887 1183 1441 2158 2885 4357 5850 6177 7073 9022 11441 14623 16000 17015
9320 1258 2173 4764 6567 10519 15268 17653 18465 19629 162 490 1328 1576 4973 5735 6046 7134 11077
4330 170 1397 5424 6133 9209 10991 11411 13947 14235 14568 15478 17350 18937 680 1017 2039 3518 4649 5526 8081
820 5743 10959 13769 14553 16640 142 1120 3863 7928 9875 11814 13319 16594 16896 17924 3304 5482
3642 5102 7931 8777 10010 10374 12317 13360 14820 15543 15826 16263 17087 17454 18823 302 2748 3463 4210 5177 6129 7890
13044 14957 15843 17345 3005 4714 6394 9835 11045 11264 11509 12563 16231 18582 19313 19589
2452 11288 12569 19004 19962 791 1063 7056 7912 9024 11179 12171 13179 14574 15630 17427 17959 19656 45 4333 6513 7773 8440 10105 11843 12316
1769 8711 11489 14360 16736 2688 7105 9028 11964 15738 17016 18454 19849 2432 3226 4513 5160 6297 7933 9114
0 8128 15116 17243 1217 4220 5973 8457 9480 12442 14169 14947 16435 18090 608 1589 1974 3808 4827
3000 6598 14740 1048 2872 4435 5292 6393 8434 8639 11070 11547 13175 13689 14631 15536 17101 17371 19823 977
1836 5289 10496 12506 16826 17694 1390 2383 3496 5641 6525 7021 7171 8576 11235 12262 12885 14956 18103
756 5762 7028 17341 18521 818 1247 5148 5863 9082 9849 11767 13912 14561 17937 18992 19704 356
1186 5412 9513 16453 19429 517 7633 11576 12272 13435 15315 15993 17758 18871 292 1824 3160 4141 5446 7041 10394
13257 18272 1479 3790 5484 9597 10891 11244 13529 16533 16808 18069 18257 18770 628 3949 4221 5186 6304
18079 4123 6256 9968 11340 12339 14495 15903 16409 16988 17023 17951 19208 19992 1028 2615 3381 6996 7766 9631
17003 589 3056 7699 9788 10294 10941 12850 13154 15670 16586 17757 18196 18902 54 1884 2791 4530 9442
1130 12948 16459 2744 4772 10922 12023 13896 15707 18126 284 1277 1608 2546 3360
450 9739 13518 17363 710 2458 3372 5665 7005 9288 9443 10265 11426 11883 13222 17319 19459 300
1496 3905 10163 19609 987 2566 2901 3170 4326 5686 6486 7306 8306 8455 9964 11410 14548
1848 3004 11319 12690 13954 16456 18419 2092 3097 3553 5657 9039 11146 12165 14004 15692 19051 19989
723 6160 14680 19372 1254 1345 2151 5480 7307 8631 10109 12959 14583 14650 15882 17381 19433 2204 3426 4798
1287 3563 1010 4589 5478 7772 8115 8645 10325 11415 13009 15434 16004 16511 19157 1054 1203
4612 7904 9392 15604 1061 3859 4886 5626 6460 8082 8647 11664 11945 15098 15857
4403 6149 8393 16833 12 2617 5664 7271 9706 10904 13347 15239 16199 16749 17971 4111
6758 10141 14234 16339 19106 1676 4934 5880 6741 10424 11399 11971 12596 15618 15975 16817 17709 19512 2527
7696 11569 13386 18557 2863 4941 5835 7296 8046 9271 9889 11926 12916 13342 13854 14826 16577 17770 17927 18563 121
5677 7746 15665 19854 98 688 1333 1960 2632 2735 3427 4620
2071 5862 6194 12308 17910 129 1519 2941 3757 5295 5855 6702 10314 10552 10954 12117 12831 15084
27 2482 5969 10418 11396 16281 19481 752 1828 2139 3735 3918 4866 6044
886 4417 6260 12346 16489 526 1033 4610 5981 6515 8037 9733 12319 12995 14384 15340 16585 17178 19162 2662
2437 6357 9626 15023 2596 3298 3687 7843 9247 10640 12463 12950
3348 13527 15606 16090 17235 18298 3258 5239 7501 8237 8521 9229 9578 10086 10927 12482 13028 373
18711 1047 3680 4692 7350 9053 9619 9957 11384 15066 15640 17052
1651 10507 661 2168 2368 4489 6003 6730 9441 12735 13987 15836 17359 479
1075 10209 571 1470 1737 2312 4639 7577 8018 9827 10902 11511 12804 14700 17503 18447
982 6327 8158 11316 19077 439 2046 2929 6097 6736 7836 8220 8580 9345 10277
71 2454 9035 11303 17268 208 2773 3329 5786 6439 7230 8315 9064 9557
734 3961 8852 11209 18622 456 4324 4641 5518 6066 8680 10297 12068 12642 13303
7700 12761 18460 1630 4038 5316 5975 7090 8524 10786 14842 15036 16671
9518 15014 17723 3050 4864 8505 9609 9941 10308 12191 14491 18039 271
914 9638
580 2022 4046 9052 12422 13613
2230 6172 6704 18726 19887 1927
2614 2840 8551 9234 9542 650
359 5419 5546 6093 8076 11040
5700 6923 11423 12725 19546 3377
3616 4694 9120 10685 12633 15472
1306 10443 15706 16045 17340 919 2116
5037 6670 7734 16420
1022 6902 8868 9493 9960 17026
3955 8801 14181 15053 19165 1381
1059 2838 6339 9979 12752
8144 9279 10422 18178 346 2271 4884 5696 7250 9096
2097 8575 14104 18154 19751 1196 4014 4531 5182 5578
2971 5176 10172 11660 12771 14400 18327 18616 29
211 9438 11267 12800 18234 2355 2809 3337 4383
2423 6645 7418 13482 17974 197
864 6091 14739 16192 18579 19624 560 1778 2256 3169
1996 3369 4527 8971 13841 13915 14314 16425 18523 2569 7716
8060 9584 14701 16093 19003 673 2108 4167 4654 6752 7483 8056 8194 11151 12188 14730 16595 1281
5249 9304 1581 2299 4368 5304 6121
3027 11519 13215 17603 18709 1251 1932 4165 6087 8883 9575 10774 12554 12744 13382 15243 16858 18033
1467 9558 12793 15907 19113 240 1774 2568 3211 3706 7235 7781 8652 10169 10626
3070 8436 10607 11341 13981 15246 16063 19742 945 2391 3669 4549
1977 11864 15783 4905 5149 6602 7096 7671 8135 10003 10332 11720 13384 15054 15241 16717 19031
3058 5831 7154 8899 19318 214 2959 3620 5035 5748 6361 7507
823 5909 8278 11085 12268 13807 15816 2358 4224 7693 10729 11923 14233 16273 205 545 2161
2526 7847 677 4872 5373 10124 11738 13288 14125 15078 16704 17139 17993 2425 2940 7778
472 10773 13348 17934 2841 7463 8408 8464 10373 11174 13065 14109 15339 16552 17230 17981 4157
10465 2729 5540 6759 8823 9784 10564 10804 14021 14414 16777 17375 18345 18816 1099
7276 12911 15405 17410 19998 2906 4272 4740 5625 11338
4965 10471 12099 14809 17853 18742 43 4190 5688 7004 7834 8481 9061 9267 9820 11020 12025 12499 14002
5681 7804 9700 16534 19287 2586 3846 4299 5552 5907 6659 7714 9785 10538 12509 14590 15115
837 5636 6692 10345 15344 17918 69 1535 2726 4090 6022 6268 6663 9265 10990 13162 13777 14308
251 3032 7003 13950 15046 940 1924 2900 3727 5131 6428 8754 9440 10536 13945
14846 18067 19921 1095 2207 3322 3382 4495 4722 6248 6705 8217 11060 12674 14958 17201 18035 748
13001 17329 1887 4662 4987 5147 7331 10273 12402 13218 14063 14223 15123 16237 19461 124 1462 6421 6680 9175 9756 10357 13151
5010 12721 14210 19748 5510 9159 9865 13230 15776 16968 17080 19479 19833 56
16620 19915 1050 2829 4364 6320 8317 8397 10970 11058 12102 13061 13762 14978 16100 18002 19073 19601 1260 2814 3914
894 3175 7874 10062 11641 13517 15263 477 3668 4910 6837 7525 9862 10423 10450 11587
5557 11655 14606 15269 16334 632 3101 6047 6844 10035 11585 12937 13897 14839 16333 17184 18688 19853 630 706
976 13125 16255 944 1811 2118 4867 6253 8849 10402 10925 11616 13763 15370 17053 433 1164 2322 3026 3575 3786 5413 7146 12847
687 9673 11578 18584 1541 3093 3998 9448 14992 15798 17795 18266 97 1572 3564
2997 5488 15708 169 4346 4615 5166 6108 6957 7392 8907 9178 9759 10667 12228 13397 15871 16031 16682 18244
6974 9092 12407 16023 1485 2203 2759 4451 6588 8585 9235 9587 11920 15229 19724 1032 2087 4247 6826 8105
13680 3971 7112 8830 9149 9374 10382 12485 14407 15804 15883 18547 19071 708 3559 5780 7364 8526 9466 10783
1661 8742 16183 574 3801 8098 9975 12974 14300 14975 17441 17817 18089 19265 2648 2992 4124 5004 7066
13587 1714 4121 5699 8499 9972 11113 12669 14227 14493 15645 17671 19093 2250 3060 5675 6795 9222
14334 4404 8458 11220 12719 13459 15613 16895 17037 19657 267 1563 3752 4844 5301 6993 9604 10582 12251 18448
5792 12640 15359 16931 19969 3601 5230 7378 11188 13582 14584 14936 17211 17983 18839 19336
691 6343 13370 14756 17478 19262 19626 3127 4756 6715 9552 11112 11355 12187 13745 14827 16662 17463 18455 89 296 668 2359
4030 8470 12208 16361 207 1256 3733 4077 4949 5453 7916 10884 11564 12962 14275 14579 14735
402 12488 14768 16066 773 3692 4117 7283 8506 9245 9789 11199 14036 14555 15049 15937 17377 19017 352 1615 3883
3738 9696 16672 19498 3414 5819 6745 7042 7600 8918 9214 10587 11242 12265 12466 13418 14702 15530
10076 11877 16820 17717 946 3690 4604 6742 7257 7720 8401 9394 10728 13017 14103 15255 17212 17487 18615 18719 18831 951 3951
8367 10725 13359 18747 2465 7107 8089 11936 13604 15608 17054 17810 18008 19289 282 1275
758 16862 17811 19419 2369 3271 3723 6784 8311 9435 13780 14884 15553 17095 17531 19379 724 2137 3460 5248 5477
2871 9378 16287 1529 4802 6531 6916 7718 8891 11302 13574 15740 17079 18546 93 2145 5117 7824 8661 9885 11330 13812 15552 18338 18512 3960
506 7638 9891 18497 534 5900 9498 12570 16331 2656 4449 6607 7955 10268 10449
4842 9956 11608 12400 12787 14596 18314 19373 3598 4296 7514 8569 9838 12062 12651 13228 14292 14642 18052 18537 18820 19346 2739
3307 10438 12423 1359 6802 9417 12581 14253 16889 18802 1094 5400 6764 11036 11849
3611 14490 5930 11803 12529 15316 16434 16955 18938 19774 3767 5096 7968 11802 13429 13608 14058 15355 15971 19112 351 1412 2300
7407 3939 8188 13565 14794 16733 834 2578 3137 4422 4672 4707 4953 9191 9370 9585 10711 13323 13609 14699
5398 128 2911 4564 4939 9269 10665 13539 15202 18062 18776 19329 2825 5100 6632 7356 8643 9507 10625 12354 13437
2208 4688 9403 13772 2665 5286 7532 9931 12612 14546 16547 17539 307 1226 2727 4235 5849 9354 10612
9306 1173 3664 8687 11321 12474 13164 13701 15448 17074 19489 403 1690 2567 2921 4702 4963 5284 6388 9745 10289 11320 12113 13031 15760
2280 12806 1318 2707 4857 6102 10078 11983 13491 14423 15739 17442 17903 446 3781 4132 4547 7422 8490
3243 9079 17522 700 4320 8186 11729 12698 13925 14378 15941 17183 19468 933 3472 5871 7086 9141
14954 19203 1886 6262 7391 9160 10679 11685 14075 16474 17768 591 2538 4239 5667 6024 6242 6380 8722 10788 10824 12011
3033 5867 6367 8751 11258 14955 16879 1673 2306 4092 6151 6774 7687 10464 11162 13298 14471 14871 16270 16836 17856 19697 1264 2804 4415
2405 6455 8249 11313 14635 16503 18652 1804 4816 6942 8067 9004 9650 11901 13144 13373 13790 15638 16849 18746
13757 17039 3352 8010 9421 12876 13553 15720 18970 19070 19103 19665 19963 1584 3257 4321 5957 7432 9080 9454 10455 12321 13489 14817
5858 14994 19248 237 3331 6678 9186 12305 13746 17380 18476 19435 1087 1704 4114 5024 5996 8738 10498 10957 11642 15017
4481 16009 19002 1695 4516 7373 10566 14176 17798 2065 2201 3768 4769 6247 7504 10090 10180 10553 13694 14604 14843 15995 16668 17902
5912 1677 2679 5543 7576 10339 14204 15074 16747 19308 19462 1399 3025 3927 5104 6337 6566 7216 7995 8462
4732 3728 5701 7206 8195 8357 9081 11065 11868 13796 14704 15632 16771 19104 285 3742 6344 6612 8244 8996 9538 10945
9565 3607 6415 8686 9568 13287 15209 17662 2068 3547 4558 8867 11362 11717 11771 12063 12888 14795 15899 17685 106
15831 3495 8813 11400 12002 14188 17373 18000 19357 1669 2965 3486 4622 5933 8510 8659 11157
9790 12798 747 3132 5528 8563 11681 13011 13526 16712 17040 17772 18834 19408 189 319 971 1494 2815 4036 7926 9137 12196 12342 13395 14549 15981
2169 11808 18925 281 1036 3936 8974 12281 14432 16008 16602 18232 18536 19334 499 1300 2066 2500
552 5511 16279 18356 1948 2541 3754 5599 5779 5891 7160 9576 9986 10563 11911 15461 16535 17498 17575 19529 19837 1224 4006
796 2660 7115 9656 10633 1539 6069 6785 7123 10044 10987 13146 14307 16323 16614 18348 19131 19576 229 695 1493
5359 10331 13767 16516 18696 19977 702 2045 3098 3466 4873 5094 5797 6528 7440 10225 10342 12453 13504 15353 18852 19495 5450 6586 7763 8730 10453 11002 12444
799 6287 19294 5663 8338 10993 11252 12867 14157 15140 15948 16720 90 1820 2950 3574 3938
16115 1279 3288 4273 5623 6856 9536 9731 10215 10346 11005 12675 14315 15149 16480 17508 19597 36 1213 1961 4258 4888
10613 19217 516 2001 4544 5922 7372 10535 12233 14539 15535 18635 19534 20 2079
5080 8032 2266 4110 7441 10123 13994 16202 17103 17746 18904 1612 2609 4176 6112 8855 12617 15514 16312 17108 19622 1009 1567 1701
12976 16799 18145 2276 4599 12387 15966 18434 1378 2142 2290 3252 4367 6387 7189 7875 9663 9908 10881 12153 13387 14333
1508 1685 3062 5951 7361 9898 11826 13642 16007 17630 18081 18923 19827 1231 4848 7464 8095 11435 12571 14134 15603 16797 17555 1805 3059
2238 7016 14707 18940 1826 7511 11996 15059 16805 2812 4555 4777 5517 6796
5270 1336 4773 6140 9445 10630 11987 13554 13958 15885 16022 16993 19076 2954 3270 5011 5984 7167 8006 8222 8890 10016 10372 12199 13204
10281 14666 916 4996 7023 8016 9812 11063 14485 14861 16271 17414 17907 18674 19326 475 1014 1638 2328 3516
5323 8603 13066 17846 19117 816 1928 3571 6965 7823 10827 11858 12238 13625 13835 16098 16897 17253 1293
312 15350 17035 2101 2419 3293 6771 7384 8946 10558 11991 12360 13524 14298 16089 18228 19982 1439 2396 4542 6126 6479 7786 9156 10350
5603 7394 11493 14585 1895 5479 6526 10100 12830 16462 17805 19759 471 1178 2199 2278 5165 6115 7143 8702 9000 9059 10383
320 12226 19793 1822 4621 6169 8767 9400 10923 11657 15466 17014 18612 117 728 1864 2469 3632 3798 5356
5207 15671 1534 2867 4687 8051 10034 10166 10557 11651 12418 13294 14209 15208 15575 17890 19438 832 2428 4454 5721 8649
334 13381 15282 1801 4552 8116 9174 11076 12112 12677 14775 17020 72 1511 3915 8264 13566
46 7550 11062 15664 855 4563 8405 10047 15117 15542 17349 18505 19304 265 1949 3229 4738 5108 6352 6699 8096 8901 9655 10605 12382
11896 16187 1223 4144 5816 7943 9312 11427 12827 15830 16241 18133 18956 164 2746
3183 13499 17781 19229 2824 3069 4522 5302 6043 6590 7314 8086 10569 12001 12206 13475 15167 17728 17928 19707 780
4261 14179 19801 4397 6058 7878 11534 18395 19418 778 2494 4288 5112 8476 11018 12766 13849
19125 1394 4739 10795 13508 15569 17246 17621 18045 408 6968 8172 9736 12941 13010 14669 16370 17034 18023 19520 1646 2326 2402 4860
2741 11770 15698 17682 3639 8658 12973 16289 17078 338 2336 3921 5462 7226 7322 8101 9252 13167
16699 1786 4577 7275 9126 12863 13933 14340 14798 15968 18526 19981 1430 2102 2448 3412 4161 4560 6165 11263
10023 1955 2716 4345 9462 9805 11647 13029 15470 15751 16613 17891 19376 489 4348
361 3933 12955 15597 407 1079 5662 6584 10545 11466 14887 15769 18942 159 3886 6355 9036 9699 9928 10653 10958 11666 13322 13985
892 6276 10932 19822 4361 9246 10092 11277 13486 16351 17894 19324 2329 2834 5366 8170 9850 13883 14997
10955 14636 2633 5393 13150 15231 17401 2859 3984 5652 7031 8758 9198 10646 11827 12776 13187 14108 15225 16958 17394 18766 19995 1319
3844 5910 9023 11328 13076 14383 17134 19990 329 1952 2559 4468 5541 6321
15385 188 2028 4846 6333 7130 7885 9444 10963 12924 13277 14331 15487 19784 455 2535 3344 4112 5115
2837 6485 8049 17558 2314 4012 4655 5277 5668 10601 13875 15009 16918 17411 1155 2308 2772 5061
2946 4943 17042 1163 2889 6167 7601 7849 9988 17123 18971 19138 19506 221 847 1118 1732 1917 2982 3793
2528 17564 629 1365 2217 5535 8054 11215 12349 13641 15139 15548 16138 16574 19667 3368 5141 7054 8014 8982 12333
1043 8448 13493 16288 209 6285 8423 12848 13309 13735 15289 17330 18995 391 2195 3658 4521 6072 6282 8238 9027 9586 10020
7473 12971 808 3747 6252 8665 9773 12351 15593 17174 17743 18896 1597 1916 3925 6273 8044 10837 13129 15714 16517
6654 10858 18722 1755 5483 9451 14644 16754 18010 19110 692 2128 3379 5463 7223 8145 9501 9901 11962 12542
12236 17939 2657 6434 8739 10434 13085 13301 13634 15467 16390 17448 18328 19309 1282 2064 2767 3537 4898 8084
1647 13534 17545 383 2236 4405 7675 9207 10028 12141 13268 16319 17566 18917 19945 957 2089
17429 19562 1015 1951 3512 3858 6240 6789 7505 8685 8860 10755 11633 12361 12880 13327
5029 7241 13456 15302 18768 119 3276 4064 6429 7821 9992 11536 13775
7543 18116 123 3618 3917 6141 10674 13267 14279 15577 16337 18352 19501 541 2124 5687 8677 9545 9984 10448 10949 11956
3753 7434 1191 7305 9910 10700 12904 16850 17634 18414 18452 1504 2620
10179 18684 2668 3370 6552 7686 8139 11496 12809 15382 16154 18148 19011 154 928 1013 2788 3651 4504 6954
3266 10170 12833 1012 3149 5107 6997 8230 9688 11499 13643 17214 17953 18693 19175 1913 2363 5334 5845 7970 9508
6465 12293 17238 2030 5465 8412 12689 14882 15232 1174 1628 3436 6724 7246 7897 9477 10652 11272 11545 12464 12945 14048
3230 1317 5756 7522 9893 11459 12756 14276 14815 18031 18240 19728 3649
10974 19538 2029 4088 4972 5197 7290 8861 10717 11383 12913 15555 16137 16626 17596 18432 161 1745 3010
13232 16372 17725 658 2830 4543 6498 9301 10073 10312 11347 12014 13431 17780 19842 3278
6319 11086 12801 3311 5019 7858 8863 11880 13080 19230 1624 2216 3637 5105
7959 12663 1071 2224 5886 8975 14753 17194 18188 18384 19659 715 1619 1978 3119 3713 4618 5952 8983
3922 19476 1249 2219 3954 7153 8166 12458 13130 14337 15418 19380 3076
12541 19510 2264 3320 4912 6684 8504 9807 10413 12960 13530 16158 17824 18697
262 3716 8223 10227 12977 313 7480 8155 9902 12343 14124
9014 16107 16925 17332 1067 1580 2525 4671 4900 6443 7603 7936 9255 10849 11074
5622 10486 14476 18310 776 2427 2782 4061 5391 7079 7925 8267 8998 10677 11342 13671
4572 7343 549 1259 2490 4369 5544 6310 7644 9109 9318
2590 6116 8061 12856 17417 18358 19155 4197 4964 6199 7573
4584 7567 7643 10039 16049 1154 2533 3095 4718 5583 5789 7187 8881 9595
1472 5741 12785 13900 16177 2598 4490 4723 5274 5791 7078 7411 9833 10204 11232 12834
7170 10184 18677 1353 3321 9959 10239 13140 15710 16554 17502 19009 1096
2581 10203 13678
2640 3815 5932 7974 11386 14780 15704 17378
788 3028 6984 8449 13470 14197 17453
6005 6672 9567 10469 15528 1086
690 1484 4658 5363 6639 9147
2771 4233 6732 9845 15475 16252 17071
16 1759 3111 4191 5639 7909
2446 5532 7332 7593 10157 18602

