1316


1316




1316




3985
3701










3701
3778










55


3778








55


55






55



55
1364
1211



1211
2034
2847

2847





















2184
2847
353







1539





1539















378
696






















402

402












402




3001







402
9
751
1613











1613






1613





1613
471






3001




















471
578
9



578
3225
2532




2532

3723
2532






























1835

















1400
3682

107


















107
1426





963
832

2423












814


814





3327
814



















3327


















3806




3806








3806





1845
3806















