6399



















159











11410











16626


































8608
6399


































19283












































6399


1640








1640

















1640


































































































7712











5739



5739








18492
8345

























5739
7071











































































































15599




8311












































































16454
7712
7712




























































5786












5786






5786
15599
























15599







































































































16620
16256
5283










5283



























5283

5283














2276





















































































17747




5705













5705
13040

























































1745


















9156

























































1499
9156


11196

























































































































7710
3838














3781















































1449
5185







































































16433











16433







11398






































3838












3838
13798
3788













10714
6685



























































































10164
888








888
6685
13245




9402
16433




16433









16433













































3377









































































16433









7486




































16433






11085
























9314
















15812

































15812











8685















15812







7193
15812





































































8019

























6656
8019
8674
11643
3429


















3082





































3429






























































3429







3429







































































2379
603









































































603
10929
4478

























































4478
2498




























2498
16971
10123




2578
















































14057















2578


2578
9745








































































































9745














5765



































12800
5765











1014























7215



15970
7215




























































































12138










4282
18361
7215
9258














































































































9258
947
18316























10898




16943



































14184
10898























































10898
8548




17763




8548




























































































































989















11577
8050







































989














2023
8050
1592

















































































































3191



































2948















1592
17088













2948





17088
2948




















































































5539








5539
16943




























463
2948









2948










































2948








5840













































































5934
5840
14837
13953






































































13953
2470



























11871
1977





























1977
7889
11230









































































11230










7948

7948













7948





























3501





























3501



























19065
10730

17855



















17855
























17855






6147

















































19777

2908
19777
6503




8666
6503

















































































1775
17413
4932







































































































10491











10491

















4932
10491












19076




















































1056
1056
10491



































































12932









































10491








































6041





































































12932





10649
7624




















1169


























































1169
7624

























7624


















12932












13975


















12932
































































14735




















































15758
13034

















3884














3884








3884





3884













3884











3884
2976














































8808
8620






























2976
























2360

































2976





2976




3685
17655

















































370
































3275












































16986















































19687

































18894








































6531
































































3275









14930













15736



3275




























3275



































17799
12515


























157






















































15326
10276































































17990
7953





























15736





















7953















15188









15188










5028















































































2373
15188













18894
















18894








18894











15708








18894



































3236























3236
3236
3236


3236













































































































3236
19404


















2185







2185










18894



























766











18894







4279




















4279

















































15589






















































3554






















3554
18894






18894

























18747
18894
16046










































































































11127



















4157

















14722
13484


























































9681
17497



































































8468





















































16419






























10382
7132

































14437

14437









7132
8468










1942







































5728





5728



























5728
1942
6659
14437








































































10387
16645






8468





















8468






































8468







8468


































8468

























8468
7078








12113

























667
2475




















11166






























































7321
1879
























1879
12681
11166
































13258
12113













14566


11733
14566










































































































9423
6334
19119





































































































19119
14453




8175





14453
12276





8175

































































2927


















































































17348
2927











2927
8700
3051



























3051
19547


4974










19547








































































4960












19547
17293










17293





























17293
443
443




















443










































443

















11512
12720










12720
































14021




















































13558






















































13558
4126
14877














































11316
14877
14021



14021








































15202











































4614



























7255

7255






















7255
4614




















































7255
8185




























































































14338
15168




















6568



6568
8227











































8227
16976

























































18027
























16058







































18087





























5098

















18087













































18087
9429





1179
























16242




































5098











15710












127










127
15710










15710













15710
















16242



































































15710
5098

5098








5098




















5098








































8004
5098












5098






















































6259


13763





13763
16242









16242












7332

















5579




















































































19376




















18823
19376
3076












5579

































5716


















































3872


































5579




5579
3076

































5294









18006
13139




































































































3076

3076
5294









1934






























3872























































































































7646
9740







534


14839




14839




























































775

3391























































775














775





































775
3213
14045


















































































5318







14045
5318
































3127


3127





















































17398


























































160



























609
15282




















15282
609



609
3127










































































3127


























3127









3127
















































3127















































3127
11662
2668



















4269
















































160


























































13171





4832








160

























































4832
11845






























11845
15303














15303

























15303
17670



























































4170


















4170































12626




























12626
3515

8250

19408
3515





































































13327

































































5142














13327




















3515




5348
5348

5348
616

616
149














149
































15158





15158
15158
3515




























































13327







13327








17551
















17551









13327
































































17570




































17570
19234
6175








13324





















































13407
16363










































13324










































14967
9032
















1176

















7641
18336




13165















































































13165












9565
5054

5054

















































2705
1176
12692






18613









































































16156
16156




18613



















12692


































16156








16156
















12692




























































12692
8870
2900















































































































5112










6819


















6819













































18613

























1966































16755
17246


























5112













5112






















5112

























10016

5112





















































5112






























18613















1265
























































2169




2169
















2169
11849
































































11849














11849












































11849
1295


































































12450












































12450





12450













12450












1265
14422
5566





























5566
























5566




















































7524

































18069






























18259





























6438










15329


7524

















15329

7524








7524







7524






6438
7524


7524



7524
19905
































1575















































855








6662




































6662









































16951





















































7536






16951








14517










14517












6917

11546























































































































12419
14517


1678
































6262






















15187
1678





























2607




































156
17109
















2607










1418






















5328
8330












1585

















2607


























2607







1418











2972






























































6917










































2972
18420






















































1678





















18420
153
































153






















153









19070












































19070
6566








14985












































8891
14985
19488




















16164













































































19488


































1585

















19488



















19488

























































16471
17308


























1585




























12084




















































































13427








6262









16198











6262

























13427






























16198












































14356
















18271
















18271






































13427
3149




3149








































































15711

























6262
6262





















9239




9239



















9239






































8218




















































18954




















5249


























16834
18582













18582
18954


















































































14773
15296














5249


16913
























985































18039
985
19698









































































4700
















4700















































13463
6491



















































16676

6111







4700













11620
4185




















4700


4162
19015









19015










19015














































































14852








1807





4042

















13066













































13066























































9668

















6899










































6899





















7421



12649



14445








12649














































12649








15048













































12649



































15048


15048



















































8137




9083





























16033



















18061






16317





































10086



































16317

16317
































372



















16317




































































































11118
13146
14674












14674














































































1024
3509
6913



















































4339






















5249



















4641

















































2590






















































18123
19743
4339









821
13517
5249








5249








4339




































14307


















































4339





























4339

4339




























































































6144


























11207
3726









6144







3726

















15647




















8033
15647
14730
2994





3726











































































9711










9711





















9711
15830



15830




































































4402













































17086












16766




17086































16766
4104
17086









17086






























17086


























17086















17086
9344
347




























347



















































347
3506
17479





















18258
17479























































12191






































8827






18858








17395






















7256

















































7256
























18858





























9524
































17395
9524
18858
14343














































17253





































10143


10143






































10461
7916
2076












































































2076




























































2987






























































































2484
4446



















































































1451
4825









19030
























4446
9250



































































































19605



































2987




















13841






























































19555












8334


18088





























































19555
7974
19114








19114










18088

























8166









2322
1969
1969








5219






























































19114

























3400



























18770




18770









18770
4824

































































































19114







































19114























19114








19114
1375
7473













































1734
3400





3400































1795

























3400










































































8975














8975
16634

















16634

























7535

16634


























































1413
























9896





























16634





15073





16634

























19295
19295








































































19295





























2996
7535


























18825
760
3393



































































































6490
4175






15073







739








739

739












3393







6716



739












739









































8877






























































3393



















6963








12524
13808














































13808




















13808

































13808






























3393








3393
11478













































































8818
19759





























15073

















15073












15073






2383






























































591





















2659
4164





4164
16633



















12288













































16633






























































12288

































11861





































16650
14798
15746







13835

























13835

















































5889
19307
13835



































































































































13835









13835


















7317
13835
























































6978

6978










































15266




15266





















































746























746
6978








5338




5338
5198





























































7058






5198
5198








































977





































































5198



10753











3727



















10753



































6547

























5795





















































10753












10753
6547



























12102
























1128
12102
19901































7548








































7548
14721
5198
























5198
14802








18986







14802








19231

























































































19231
18986























2492
15820
3553



















18986
19977
6131

























11246


























17796
18217
6131
6131
























































12355



14405














































14405

















18564


18564






































































18564










18564















18564

























18564
16930
12862


















12862














































9371
9371















13645
11145








516
















516
11075








9462

























































3917










































11145













11145



























11145







11145

























11145
8692
19433






































19433
































19433








19433



























































































































3443
3553
4212




































19890



















4212
1895
14769
5831
13784








































































































































485
9355



































9355
769
769
9288
18946














































































280






















































































































9694
16907
5004





19890









































































































19532
19532






























13947
19890










19532




























19890














19890





7216
16513
19890
4780































17932

























































16261



















































2473
4780










4780




















































4780





16261














4780















5246
16261



































3846
























































12220






















3846





































3846




















3846
11975



























11975
7950
13121




























































12966









13121
16185








































12966


12966
16185
10396










































































































10396
15348






11953










































11953


















11953
































11953



11953



11953







11953











9136
11953




























11953




























11953











































































11953
15441



















1075
227
227


















































3187
227





























































13913




11354


11354



































9683

















2456





2456
























11354







11354























































2456



9683



9683






































9683
3146












7720

























































































13729


















13729
737
6361









































6361


17475


11580
4298
































































































8387

8387










5209
11431



























4298



















16873






































8387





16873





16873
3063






















8387




























8387
























3257

































12991


















12991




12991
18260





18260
17052


























































17052











3717









3717
1322































































6281
1093




1093














































4386
17840
19584
17052








































17052







































17052





































5947
1322


































1322

1322



















19863
1322










































14593
14593












14593




















14593














15874





































13255





















































14759



















13334

























4115
13334
508





























































































































3719
11032
5327























































































5327
5327

























7404














16664
14505






























































































































7561
7515








8170








1700


























































508
















8087
508

























15933
508






























508










508
9424
12470
























































16849
12470
4332



































































13878





































































13878



13878







19955
13878
1647


















































13284










13497




















19613












1647












1647


















































1647
9587
11087









































19613


















19613





19613




19613
6339
8885


























8885




























































































8885
































8885



















8885
16692
17219








































5139

















































5139

















































































































